0.9183749502818397	-0.911294607810403	-0.3586475611638525
0.0542315067741934	-2.139094853746501	0.0280434637958164
1.6690774528948635	0.056309148230122986	1.1196797614017644
0.9827623910624326	0.4868210221862773	-0.9715665979317624
1.099587233386073	-1.7191403073262679	-1.5437982469985214
-1.6916169225070066	-1.0301469728560162	-0.10187409265885884
0.8726912265610748	2.0482577767889305	0.6305811429184518
-0.2079312799141352	-0.9693267134061233	-0.43398171866484847
-2.1387471507425597	-0.7023423228301598	-0.02104466514960306
0.3656910196272573	0.9514624006636292	-2.323246910897153
-1.5386026389611511	-0.9889735247092057	-0.6839395187269216
-0.027464057062613158	0.2564178409300616	0.32281371813298276
-0.328875355885341	0.899142664927347	2.1278023301444193
1.599265180010947	-0.5989054705062947	-0.27521414837089936
1.4100979890524534	0.8206988143300358	1.511036546893618
-2.5142274183063003	2.2014219778092277	-0.10835842835914294
1.058070163492672	1.0787414690720762	1.0453158838601957
1.4854118464593542	0.5800413130006954	-0.28580075114563774
1.091016991559436	1.1404470414185768	-0.8149929235122768
1.45539231113463	1.436404984856869	-0.21641183258251925
0.913985911677813	-1.7048503469267358	-0.38028179420855507
0.9927195065672424	-2.8336456265880217	0.5505327624262301
-0.162592333629397	1.6023905189295187	1.5783023464630668
3.169499297624673	-0.095608265932289	0.8443128842767748
-0.09691395552387788	-0.752653891001364	-0.7367733233653705
-0.3550370502968313	1.0209791369573111	-0.1495950867066565
1.09667512600093	0.03249939634513713	0.8147316550451903
-0.1273775766397544	-0.47019702465971613	0.3936464540025856
-0.5870016853229276	-0.9498870125059676	-0.3004094379167702
-0.1748811945895814	0.12540102236011813	-0.42770164781107595
-0.48578631047031634	0.13741697836397382	0.7496523414092642
-0.32576717564084795	-0.6078805333760999	-0.21698322831470784
-0.7194969083349279	-0.19672298809787434	0.392703529064684
0.467204886352727	1.0021875458692642	1.4292966839492727
0.8347117485316873	-1.104140081551333	-0.09759559108116124
1.6103080832573777	1.9919141317029916	0.328591918480515
1.0916905294713393	-1.5085755866633161	-0.6720505280705495
-1.1460919730474	0.37841292887877637	-0.19887810722390922
-1.0573906363847638	-0.07926921197923598	-1.0036863488874048
2.167505015774912	-0.38016200134559636	-0.022046603588670406
-0.8483281561754425	-1.8792745986195052	-0.5542233705803669
0.8675100195145333	-1.063521790747662	0.1789629998910827
-0.21044415160037436	-0.3921559409688216	-0.032428489374166064
-0.8603407282220953	-1.5434135086311835	-0.09520801940817356
-0.4042547462645779	0.2374296238021725	1.629424850650075
-1.3706544660868085	0.07522324505520771	-0.3931968138403561
1.3358906742916021	1.179088104192843	0.5234240281295588
-1.1459256705072984	-0.8738532542418282	-0.5048490887596951
-0.2735163862357815	0.6563885836386557	-1.382840001276287
-0.8956921342174254	-2.0949739094713618	-0.34368042590663844
-1.0569450951343464	-0.5477336101242785	1.8520135716829427
-0.1284096170333861	1.147013935424653	0.5108397039809313
-1.6505124083643858	0.7148988002985172	1.3170572108211729
-0.5390347897771268	-0.09424739750612535	-1.3422040894553042
-1.3739982698967665	1.0864987405414417	-0.20807808457845195
0.13945677378109428	-0.5951588490584893	-0.7515207167343447
-1.3791338573798735	-0.044258681532467425	0.7321341275405656
2.1110045125897834	-0.36119857093348295	-0.17475609248829757
0.7288982349645586	-0.8735398474416369	1.1460030561474264
1.1435114508954367	0.6782613937808938	1.06788167748354
0.8270504566222943	1.4642250393544367	-0.8218017649415887
-1.7066529325880717	0.2533126487752621	-0.5636431588071609
-2.6119046705165054	-0.64273661470808	-1.434390177526691
1.3447989779922886	-0.3983787647557534	0.41051588874369316
2.0036909871030084	-1.822448849171625	-0.8186079403767584
-0.42074285989571836	0.3477830692424882	1.2031558986596285
-0.059961357433727006	-0.312706935688684	0.6959371865782454
0.30575109078561635	-0.16172144475529346	0.11811495316639023
-0.006167241314851732	-0.6281033527427102	-0.028634852126847105
-0.25998977455245553	0.6987127305043148	-1.3870240031571701
0.6406624527932954	-0.5855910490125559	-1.1680384322054687
-0.3114631034602803	1.8291113217093213	-0.6679630788626081
0.5620742613956773	1.1789457168437705	1.932021655322057
0.5275441087535218	1.4713686515018107	1.4511742328432942
0.3705137386685068	-0.899976443383912	0.03318194347436976
1.3364851962049875	0.38934782258826295	-0.9242916282075144
-1.0493624406989785	0.17716310812503364	0.9116400221361586
0.34138862845002277	-0.48364353365272134	0.35181788931752506
0.6779234833089144	0.37910273317061455	1.4093784912023863
-0.9611005651084087	-0.21604014873203375	-0.7890334219807716
0.489720433253176	0.25167231659181044	0.9595489776650352
0.7581000964833773	1.0040207680264959	-1.0402599563240933
0.343241000841472	-0.3201531464809194	-0.6106222804538343
0.019530822777237087	0.35944572830740423	-0.7145920014340328
0.31983474851981736	1.3949814386655564	-0.5629378638508261
-0.4599593030465129	-0.04485512189962543	1.0487588827428542
-0.6007212094063172	-0.3384244712178911	-0.3699916027984593
0.6651562174057044	1.0423224814310164	0.17939710080659435
-0.45976996994577984	-1.1617667914321055	0.2718416853346339
-0.05523638624822556	-2.144282612382448	1.2306102238555117
-0.7981222230036749	0.006308255428781161	-0.1737560284386025
-1.2445964764072635	-0.41507858759763094	-0.29992968358170374
-0.46614950520074744	0.40200397715331826	-0.4130292959104164
1.6327822516034105	0.1494640708991785	1.6943344714664272
-0.35819892896864847	-1.322005534791737	3.410735288859321
-0.37776768184193493	-0.10052156897873887	-1.4004906844642049
-1.7518766480539947	1.365404569951274	-1.157418287633011
-0.9269710975143665	-0.5654852165681462	-1.2378529513528749
-0.5209779390786596	0.3324983058663361	1.5878424693434174
0.8446798242936588	0.48400715503365094	-1.5891374796254545
-1.6191628097385276	0.8760095045212237	-0.7227343991430561
-0.5446329039600735	-0.24655418700522247	0.5741249787305722
-1.5373741547883824	-0.012600201634197738	-0.33113927989138614
0.6926892614025938	0.21912782979949727	-1.6588160693029643
-0.3789290694411856	-0.10963913831657722	0.9189867245759455
-0.5134568811054034	-0.4428922949749062	-0.6956327438915072
0.9982214385582641	1.2762153919051602	0.4429118385461827
-0.2937114786020161	-0.8554736396727464	1.1995240589274359
-1.1680646484806931	-1.0471705540922998	-0.03359789496508319
0.9036237283117432	2.4139978818133168	0.3804237766314661
-0.33582196985091795	-1.5807416894009365	-0.8417047259576274
0.6560762742119788	0.8881887123632526	1.3668661209399742
1.3358926122392065	-1.0139134806174384	0.24571396831020992
-0.4474076461670419	-0.33571418635280686	-0.5084224924722683
0.24805294292536217	0.5124174715777762	-0.8195206281144842
0.9837436351105721	-1.4071354470091046	-0.11461204673561538
-0.690119724377447	-0.010559689038634815	0.9426467001912232
0.901227423163815	-2.512352351906781	-1.231294839026171
-1.6904934476144247	-0.20456751377963156	-0.35582095424120797
0.906121490868067	1.5980976603866224	-1.129646869799813
1.581006005630823	1.2543086101565684	-0.7088984664977578
0.38509275253003983	0.9995154179928999	-1.5668704048300095
1.014682351029479	1.6748689998344901	-0.2854177129379451
-1.039137514997959	0.015264369594730532	-0.26706514967258904
-0.09515085269792174	0.04861245260029492	0.29791285888190994
1.1235178811875477	0.003658448488804276	0.6450848305618342
-0.8086185743436686	1.2875060511201286	-1.1040184355905838
1.0721325564621544	-0.6790276489469803	0.2250401882905747
-1.5795432500649937	-0.30429417703008793	0.5715508126521962
0.23099139136552466	-1.114243233213546	-0.3894132655536234
-0.7700769887111814	-1.8219576057898692	0.4630063022683038
-1.0500792528620035	0.2660259161386591	1.7494247645271872
0.7063964522226167	-0.21126172617327268	1.9974274603650133
0.19059012950985355	-1.024092671535852	0.34425514580511574
-0.807618053160478	1.2703234882799495	-0.42486138020703895
0.23257070906398794	0.9789528307416412	0.9944219590233798
-1.4498698394938265	0.49247464883296516	0.09177390283756524
0.8468809434877218	-0.6449410872156313	-1.7241641922720086
-0.6842912959902406	-0.0007342912029444383	1.4165475569900792
-0.015273312305244086	0.1499040907765514	-0.22839705054989623
-0.6463715738131265	-0.09605599614797389	-1.645013836116151
-1.1056978935858117	0.5436511584200768	0.06477526454713922
1.4786782137471957	-0.13684239680932148	0.8682893390710018
-0.21168732218153022	-0.6379917907701498	-1.4271803035565365
-0.7802708681004732	-0.27448449859524066	0.31012359629338454
1.069461821250774	2.1358787350793076	1.6954348235360608
-1.3172941768479642	1.4790771213171756	1.31734622564926
2.0851435073906495	-0.29391817292264744	0.5816539678897815
0.4934096310551112	-0.7385973941107742	0.5219408358010466
-0.2946097903251179	-0.21614080483535925	0.31650119288384365
0.8668468863826151	-2.2538087461312375	0.015296512362090139
-2.028400011243975	-1.6276303759871669	-0.8451753837114827
0.08504555315353157	-1.2348270914753803	0.5827787257675968
0.05720253534306696	0.1601910088666227	-1.1038662133639394
-0.7882042409016641	-0.38488688178906294	-0.5227684778508219
3.295341170942996	-0.3596946275735441	1.304222650879445
-0.1516556773243211	1.1692555668051587	0.41516672614265426
0.8979815219569308	-2.7459149130914673	0.7126811473169731
0.869066202180141	-0.3202313134208866	1.4079711440579075
0.4979509485719077	1.7828822490299527	1.134015750203673
0.16254955938455862	-0.9174905172334533	0.39975462786518623
1.6505363954556755	-0.06161649115840476	-1.3517429671627554
-2.2416263094743907	-0.46070624964637324	-1.5279781661154255
0.8806567339104293	-0.11522432589961407	-0.6253595550885029
-0.07095403334981415	0.4472174064839504	0.9976440381060464
-2.0423459451381727	1.432295223768403	-1.408524413908207
0.3256817296790137	0.36567466868511384	0.5371804104149591
0.5765312294247146	-0.034078016337719876	-0.03145394269632333
-1.440922054670077	-2.0015935019897504	-2.898403091526905
0.24424768490732615	0.5781244925169425	0.4308456361522833
-0.6757734755642256	-0.23412018882845986	-1.0507860517315275
-0.9641122688959657	-1.149663768274594	0.676897098921774
0.698557500765397	-1.1653289477528508	0.8834964767255131
-1.0655462150139103	0.5047945551509856	0.07670289149304566
0.6774022974890532	-0.6575365307720049	-0.05836330875258082
1.0432845114251457	-1.0295302220233697	0.2928958020502658
-1.4826293519670335	1.8252019266903117	-1.6140128563243217
0.8356526535497361	0.4589140839999271	-2.060317749079719
-3.7928884928098174	0.19980344180800388	-0.3300297940439791
0.11487573779760064	-0.5941166094329116	-1.6620015235855523
2.0479382723680373	-0.36512908896096036	0.8931077193499608
-0.7838188482607407	-1.3000020617275365	0.41557988662242445
1.2811668957556197	0.49421967082367807	0.9466901946588928
0.009216896015934497	0.6734105214373693	-1.2895208021055462
0.7887406172693052	-0.7276103579019672	-0.9046460089263241
-2.411529660516851	-0.4262141379094461	-1.433542383698611
-0.9725966409210284	0.6980132714323867	-0.46748075379971776
0.15410927414666317	-1.1116722590793136	-0.7649215651332122
0.5879366439612459	0.5492706293055958	1.531173952777567
-0.9454410991677964	0.7257349979584542	-0.5960490895526228
-0.16329045496104283	0.8324668859573878	1.1417193883712353
0.2792681086219577	0.6495122818715228	-0.2991911003289849
-1.3429895593419847	-1.807061100817527	-0.12986830686637058
-1.382342960120295	0.22253108119120046	0.6774528181717385
-0.42006181627319733	0.7603536159908226	-2.350261293057591
0.3853642370298405	0.8097568595048792	0.194956970476033
1.0468587212674465	-2.0296066574644267	2.6971276126413826
-0.4337943805439583	-0.3993865952437731	1.5501233835823014
1.5594418184381365	-0.19733663483279326	-1.264941596339907
0.9041271216241606	-0.5757784479852055	-0.4204162090498508
0.4432956442441687	-0.5107345803659324	-0.43857856194369216
0.1634145047867099	-0.46448009446965466	-0.10905869417520919
1.19594201209026	1.392411386397222	-1.1232021311712175
-0.09423638689677968	2.7472417235113067	-1.6254144070506833
0.16565465798846174	0.5830868190915488	1.1952682206565886
2.6306087735330346	-0.8334990590525156	-0.8797140596149167
1.6431022350007678	1.6194761132120097	-0.9560974535556905
0.4121991553417398	-1.0190110012916447	-0.8824400939313888
-0.7151646284657845	-0.6268233488995654	0.4690609747175987
-0.6043576437997424	0.06924765856164246	0.581019792367266
-0.6051866587905919	1.2628431794826251	-0.8077090335334964
0.4892404534611412	1.571293195372685	-0.5451466215568663
-0.3639589860648359	-0.3787100525710777	-0.35268798904571114
2.0985926663428844	0.2527195637913239	1.2284377929936987
-0.0008120182401626598	0.017261715402304537	0.33471170592702726
-0.011379170911600886	1.0146353298370567	1.2416740944914635
0.25137825018819326	0.5394088434417297	0.5084554847533902
1.2553406087906516	-0.15294729960534284	-0.14419537912631453
-1.3108863024212831	-0.6335707394338832	-0.4218377906811268
0.6365298068915339	0.2475404728533231	-1.4916011698688907
0.4217936308698328	-0.5645616778497821	-1.1022731156572279
-1.6275151122273221	0.029623362403766	-0.4182331812777236
0.01025274188791552	0.520769100518447	-0.44463989970106055
-0.9431813070525407	-0.26297232046233554	-1.0538643583305591
1.521341892507922	-0.6321606849560891	1.4763450405410474
0.8146067087746878	1.1866604577308122	0.6116193843812164
-0.20880856831703723	0.22936053397345033	0.09178496701752993
-1.4861466525635683	0.10523877833827283	0.10730971998084136
-0.33062433520409923	0.1109609802833534	-0.35878489983214695
-0.8837654762363932	0.2289922653785246	0.0478416566644037
-0.3159012477877986	-0.29728288205416126	2.471508919564604
0.603365458321269	1.1562427639367874	-0.05002448553785509
0.8843494004784564	1.2514953195971024	-1.439436841124997
-0.317397556717661	0.5162283993899347	1.5298569670850974
1.7124107929434986	-0.4958191930495953	-0.8390741324274194
-2.1953526952946185	-0.11277259925329244	-0.20724585483691732
-0.9096424111387342	2.153035704053688	-0.9204475475274926
0.4472984916214542	-0.08633647382207671	1.3766984123866288
-1.1585578502135556	-0.11950068670194779	-1.3001409145087781
-1.301133390741521	-0.03414520497077008	0.40331505239783966
-1.0776605822610243	-1.2826300351835873	-0.20880214271297728
0.491106593556196	-1.1243116731123075	1.4513753435740928
-1.1338662311760153	1.3555683767353481	2.3102758359735494
0.14494278995792417	1.5200200492634144	-0.7211363012322457
0.7315554186231954	-1.07772160733921	-1.7348453729682822
-1.4049967828505954	-1.0208461212094166	-0.19003713597692776
0.3190235797152985	0.5576769211695364	-0.609412244330534
0.6953199022209139	1.3181431941726858	-0.13696872953044154
0.5298906957644411	0.4619866609507442	-0.012200157629745753
0.1802507962638509	0.4498230753518179	0.4649229263393466
0.0830222732615089	-0.38643875872166034	1.6376352947630015
-0.07408500355289191	0.2980187462788007	0.4896120328437772
0.24624322901108364	1.0821800785323477	0.8294808753681783
1.3736734722821975	0.4527975941832818	0.6031278339580503
-0.22618348941833455	-0.004135065537594367	0.15965333112313992
0.073629930713781	0.9730905465415596	-1.6014347952707757
0.7026204730149301	0.23873204987394292	-0.4904544761552129
-0.48687817214198315	1.4193871311044908	-0.36170913451234554
-0.20634393971968043	2.180430795051999	0.483119678643225
0.14585468004603713	0.272738810156855	-0.8297018345074528
-0.06503115859736383	0.8813505667881221	-0.02769201508666417
0.5172073221921519	-0.3900197458932846	-0.8589270626956201
-1.332306643909099	-2.0129492526037955	1.9168345904496993
1.8593403393733177	-0.8319223519610209	-0.3484827926499995
-0.3843486242285114	-1.4133070204130314	-0.7056305054149883
-0.044437471502525125	0.8512997697549413	0.12118255633178036
-0.4170897136626542	1.0929066532862877	0.8187522295355653
0.30595629168966876	-0.32847114988079484	-1.0367591251243433
-0.21975318448431344	-1.6153113125563707	-1.3959652983951498
0.6942447964362405	-1.051134227801824	-0.5250533438094247
1.011655915799927	-0.8186073089433753	0.7605981565894231
0.24856140171260116	-1.0973785207907956	0.8674802906668476
0.18508666319251182	-1.4385808751093543	-1.3541180101437928
0.29103837956629364	-0.1900502411539444	0.6454421474150734
0.5408125518825389	1.4385466496328785	-1.3000514190999675
-0.9818910230767584	-1.2537901873221644	-0.6979282054541818
-0.27713723995867484	0.6517305230664735	1.3974177984050324
2.1909233537420874	0.6518503374881871	-0.16734604033129466
-0.20498596427863655	0.26365113084977454	-2.014716966770269
-0.200140739982837	0.2917385565734152	0.6986360429707266
1.411890057283651	-0.8977458312834862	-1.8481514121697649
-0.2041496971491737	-0.3261499613831342	-0.3592556029213469
0.8406661120132175	-0.78400168034481	-0.7690939354472908
1.1002394248629814	-0.335217621307992	0.3411292721969533
1.092656107005829	-1.5238211357883118	-0.7822209785297346
-1.5703459013087482	-0.04119769225939389	0.6125856057118211
-0.7514088336702894	-1.4370246231342572	-0.10503355775928432
-0.0740075616586763	1.079352224197574	-0.04999611016813094
-1.6671760421185904	-0.8988859743460204	0.2823957551460677
-0.5680913243093122	0.0001847395944658507	-0.3152546979724328
-1.4928464748307264	-0.0955691912902708	0.10623430273797939
-0.7209068649887149	1.5640070708743428	-0.1430154333322735
-0.6813382410514468	2.612452943581501	-0.15977050156411302
1.699802923763045	-0.29360988200120286	-1.1361026964433691
0.515521757518214	0.9773307318202988	1.1856359561811673
-0.5672503224256975	-2.138676823583127	1.6356644628391988
1.3429021901885967	-0.31381212924540675	0.42915043090910443
-0.7847608676988868	1.3194603370871218	-0.44355493147387387
-0.5982667406486557	-0.2869132394068733	-0.46820215693315126
-0.3767882037009421	-0.7386583195953528	1.9594087414614292
-1.160089766453242	-0.7260486428395042	0.20818476824422408
0.2855029984461933	0.2883995805565511	-0.634009519090098
1.4498098095995988	-1.8015771434958727	-2.392372108014701
1.3094607857016773	-1.2819213459975585	1.269051976641922
0.18710351214646678	-1.2203834166510066	0.4694718052053582
0.54705823914726	-1.287726772298689	-1.231083593281706
0.026690983683979604	-0.916057330351575	-1.5317183586757703
-2.0959698825046744	-0.47602828654351864	-0.015996408304608547
0.2449391592402077	0.1267427260099708	0.5618418707633175
-0.4238714040714663	1.058103662117543	1.0405403224613428
-1.1998499676576424	-3.190782024261669	-0.8388014544384825
-0.2728615843234658	1.5770506540144724	0.5618015085764452
-1.1101023348958856	-0.13192624066921754	1.3013153299996376
-0.21511675886986575	-0.41326169398849694	-0.46643032806607787
1.687740728830958	0.09522002569463002	0.5945308722732212
-0.35595871208222896	0.3735235720749658	0.5870187794914727
0.3373330943553445	-0.18489879757121344	-1.2231102356300436
1.40564072738377	-1.1182048959017055	-0.2966671347741957
0.2513872674811099	-0.05059165585807637	-0.7207200180711983
-0.868957224337952	-1.3381060993697422	0.5617993559758538
0.2940883623221395	-0.5250379384259576	-0.12370130547980744
0.6722180625631007	-1.1316923365908835	1.2705999221736428
0.26509345170013476	0.5437620103448676	-0.9349090101314091
-0.30133329435723877	1.4331073522300735	-1.5527854420333804
1.1122183492335977	0.45786766721708966	0.19214111023328126
-2.354046195769646	-0.01244083347127593	1.8351360398399557
-0.4056224966424862	-0.5784212653479959	1.4905459036854087
0.2112041044815044	0.16219931615477032	2.101003425905126
-1.3635820059627246	0.21747078027934733	-0.8402403006613942
0.016275613556266565	-0.6375339731000012	-0.9674215274670973
-0.7536199550784882	0.6717276766544273	-0.2501906408294656
-2.0282821812462513	0.42049957002730537	0.41119206236743566
-0.13391372728567882	1.9627969288391396	-1.2335767760277923
1.5710562624092173	-1.3077189803342453	1.1450103901785216
0.012050873717714442	0.3715252641190535	0.23906853273572853
-1.0299763889752396	0.09446159709338443	0.5875242297876756
-1.7516713136077413	0.7377757628205035	0.426894073287904
-0.3002124934589613	0.13636474466365991	-1.4113960982146347
1.1559834155759745	-1.1633038568046012	1.0459977328027104
-0.32285325520391817	0.9014668222995575	-0.9019611524616393
-1.4402667632502029	1.6339679339208832	-0.16303517260797226
0.4953714165676065	0.9254369287605018	1.623211951265397
-1.0265037126399281	0.09206501199576814	0.5689767133798047
1.3360258937420564	-0.3955289385592198	-1.1904119833929712
-0.9079281949438506	0.9638168492730418	0.14393843444973836
-1.5724068601421	1.9767899015602566	-0.5267886168285957
0.2307702196624133	0.34911357564724305	-0.48624695913019106
-1.1817977115523968	-0.48843173181276484	1.2916429547950241
0.4194682055289555	0.10744546402219775	1.1607119169280442
0.5519945289043249	-1.1095837796546504	0.2005323901417449
-0.267109061603436	-1.335831407893114	-0.40028938652661117
-2.284696811038009	-0.19425786933985187	-0.6919748523185623
-0.9440023142528937	-1.3287631359157788	0.26458211823962463
-0.7852160279407826	0.8301957486942672	0.017875242155238436
-0.15651643659612002	0.81151777816797	-0.005347584032843587
0.6928615544723541	1.3406496881870178	-2.159488588683088
-0.7288157846446214	-0.6119622142158216	-0.0555283298901513
-1.41573048321401	-1.4218019951840122	1.4076347555270798
-0.7673403219938191	1.8425285018608153	-0.3998784148422805
-1.1671820515391282	-1.5116412250567606	-0.4409068942824371
0.11210979446911261	1.1421479765961173	1.434095061045775
-2.085353284676278	1.2181780134443008	0.843346358087146
-0.6224645587632701	0.285443434759725	0.14900506005519235
0.5544672183775793	0.5637891610282809	0.5673214523356019
-0.16497096850810078	-0.47594810922982383	0.21637409185820897
-0.015492883845194812	1.8330926845031115	1.5798813374953267
-0.5987422804607022	-2.6393033254410962	-0.7479138979245321
-0.27546192415247006	-0.27360137977714283	0.5080547463288819
-0.008854672518327925	0.2997970009601248	0.3974894355464991
-0.535774401803362	-0.6854548894703131	0.8846029722159156
-0.13662996540987882	1.4829441571225543	-1.127957053681735
1.6123457032179807	0.772472126305639	0.46302829682503505
-1.424851741239345	-1.2480635921243584	-0.9577018844166143
1.9791459764570594	-1.52671063174807	-0.33730190776108476
0.5963763149648739	1.3924160089238125	0.13807898859092596
-0.48194724752599033	-0.3861691028662186	0.5709844178883934
0.5691305855822968	1.274374862030511	-0.7829811275971829
-0.016302948061291688	-0.1663150932331446	1.0819787382462538
-0.17541296371323434	-0.9846556634021836	0.007389536794599321
-0.5278579330743358	0.7865759138984085	-2.1894336766974596
-0.07314408481590823	0.0033888327365180983	-1.024775420774374
0.617177546630358	0.9432938037523338	0.7790291580773109
0.08689028107174311	0.03697280184504514	-0.9048762351741987
0.30695687571091096	0.3504486243401187	-0.35549380114165746
-1.5591839109565173	-0.5284531405277558	-0.2708588155585768
0.6379818283730375	-0.8726247499387983	-0.43275206496936414
-0.21171154557751026	0.6815393349000338	1.109219872807758
0.4437697717544482	-0.3850175726753095	0.7064831211195962
-0.2116368217903665	0.12161265169679168	0.9040392349491623
-0.15582188731106542	0.5718439644830605	1.3269030205331886
-1.6931185483077669	-1.6643094018525055	1.4781755261790672
1.345964419988137	-0.306609390148824	1.1654802191772788
-0.42953158836416766	-0.35731004617908907	-0.4612586959270758
-0.7318985648726369	-1.6381812108273728	-0.4507538397954923
0.8119197180468373	-0.6464305133105782	0.7384314970965574
0.17958088755088172	0.28297340598175674	0.4400002527057722
-0.4105246302954801	0.6637763981898049	-0.9965213478446565
-0.0041368161788347515	-2.1562801477201012	1.115077549231521
0.37274546903188854	-0.27068973436162297	0.04643068976403969
1.2912546101109676	0.26773116499566973	-1.228900969515567
-0.4892617121273979	0.1802402773891476	-1.2863732825402283
0.20659050013699456	0.026315378739061143	0.7925015611335651
-1.2024303012686286	0.1282951333645861	-0.5741555890216213
0.28421161345263685	0.7492008949896932	-1.969410932667478
-0.002137525823399317	0.4354317066405205	0.28418463108576275
0.3936925168883542	-0.16938087813106847	-1.6640590626250658
-0.40758597983187583	0.9727434764471519	-1.3614554848092233
-0.2553388211058785	-1.8136384155663396	0.5508179951960189
0.39619343817197683	0.6804000168753637	-0.35854875370809025
0.7575865174663093	0.07789316828796256	-0.8047093226939078
1.064820003751747	-0.015045028070933525	0.11446291268132291
-0.5955934682205796	-0.2609995868199623	-0.4540474783451617
0.14291792240231022	-0.5619015424327622	0.33979223807576825
0.4113184106140637	-1.2824812395944616	0.04035328723224527
0.8279598742476184	-0.33951518563114513	-1.3643634362404597
-0.35975025732835814	-0.6280415602619913	0.6978366053200842
-0.7098457689963533	-1.2387047997071778	0.09133567879146527
-0.923153624749679	1.697092445359771	-1.0286173657579047
-0.15172650899664886	0.0020376077725266263	0.09999618934051664
0.01216667501250727	-1.3039664341227917	0.37129410245348304
-1.6419786995343661	-1.4242606070632902	-1.9768350929973482
0.30987427291861086	-0.8591860829726915	0.8590538629091379
-2.165281651657723	0.7700032566794773	0.8952874739692934
-1.430810567671017	1.5029618172849464	0.011325557445881778
0.030283310638457652	0.4396290457756315	-2.3266569625342375
-1.0526672235837304	-1.38031534087748	-2.0383390301230317
-2.2196294835445443	-2.7501165264669556	0.8155234877412634
-0.14349711704517543	-1.375811795704814	-0.47699709323172235
1.7476098508794193	0.40771712818078365	-0.5515974001389625
-1.1302862304159182	-1.3510634502342118	0.13385746473953494
1.3045032375494363	-1.1570015992740263	-0.2477103562364565
-0.4259822525108731	-2.3357924881631615	0.31287987578506293
1.6348324196264463	0.18101074608787196	-0.46247162881960163
-1.2904151843844156	-0.48807539192378724	0.14823613089315132
1.356558125293647	-1.722628815640654	-1.5597239210650355
0.13400625249851178	1.1265818612446918	-0.7577004564419675
1.7978135946467575	1.2855727012858882	-0.08154490886963017
-1.6695701831134628	0.37736193821126407	-1.527853945291049
0.03721326131286174	-0.2204680296774348	-0.7801638330861912
-0.5485763102304604	0.8799881591626803	1.2916039672076187
1.6456804290806395	0.30440089683200267	-0.34271208281453
-0.8361628494723516	0.4805082403508394	0.5951197477230051
0.29089188580969716	-0.02821245064161981	1.8433950946879467
-0.28691134382266575	-0.3834181961287135	-0.8551701206494653
2.7882791129831364	1.3730247482093005	0.5287904662137398
-0.3316336938041619	-1.9807425422987601	0.23110899726571524
0.47348712461355646	1.4100907108954632	-1.477837498758403
1.1756478594036357	0.5379400432886494	0.5528330496869491
0.6832590944475683	-0.2998101543715087	0.012469038423612413
-0.7062307461741776	-0.8978918080733425	0.46493494837557914
-0.009199215361360575	-1.6188652287635823	-1.5830313139508474
1.7813396250106743	0.6551696547361354	0.09546852195426739
0.5881259810627292	-1.3360343426066257	0.5359544632314805
-0.18810209012980997	-2.0400105782405125	-0.8757581361015495
-0.16224109592875705	-0.28157985546665465	0.4069978153641385
1.1347349903579118	-0.44169509567767595	2.892820381824529
1.2864657186464359	1.7052325125898267	1.4848570273550723
0.012121077083212252	0.5993136042665373	0.9827885279624705
-0.2902631253282376	-0.7049220142677294	-0.2346426495007335
0.2922296390582981	-1.3211852326294415	-1.0622874258582864
0.09428998221877691	-1.280536769503621	0.5830013510872186
-1.151895169001842	-0.5468136649269295	-1.243108316559603
0.7269707983845454	1.1376833535905797	0.9525436283557666
0.5033122701142008	-1.9514268044114749	0.8259587538168811
-1.1788735008624343	1.6929179538792138	-0.16287439257037367
-0.12393670938231867	-0.7296745650378901	0.608600138723317
0.37256781103268144	-0.2139477001219276	0.16458541322638887
1.3944697185790051	-0.0509487889492037	-0.8238886628465492
0.7176087450324846	0.32769416476864327	-0.587971683463147
0.4145055913207507	-0.5237428228804606	-1.4124307656877066
0.2692446289505869	-1.3819289546141285	1.3266839237761623
-0.3899998809507071	-1.1999414985512917	0.9996416098007248
0.6670739753191977	0.8341687622238959	0.40110799582885726
-0.8063849981171769	0.1501053222523779	0.3794845817794883
0.09652387383436475	-0.5688675363371848	-0.8798515934643711
0.06859484451684728	-0.5879946114551788	-0.49115237301652326
0.7490292915299885	1.5575345849963422	1.0159116090339737
0.558307315012704	0.3276710218130351	-1.8871268605789304
1.65883328611167	0.41926377667256065	-0.1983614991090608
1.0914726234225747	-2.905568162765147	-0.4913932078070102
-0.2663560566449445	-2.6369197106442885	-0.3763988595462632
2.522743812869207	-0.8202444104861922	1.6218175458974557
-0.06530781404901766	0.7697577118923378	0.44961121732352866
-0.18061289683761517	-1.3510915376987802	-0.27264102552747776
0.8172479658102917	0.65018847278481	-2.388646930447222
-0.21177126333805674	-0.4608412751221555	-1.7709177612719584
0.45126199633918795	-0.8608660659028637	-0.29113883200075286
1.084879619395322	0.3981207945315128	-0.36141459358702094
-0.4007128679311864	0.040895239447267334	0.03291267821917194
0.16408973508018765	0.3411783992658992	1.5585389027520284
0.5479715881313442	-0.009373300485531139	1.0367272913880416
0.3041627249427139	0.49684617386018526	1.64222099453825
0.07082351219687563	1.8953651894634174	1.2384489866512725
0.6924637125201103	-1.0830603766082585	1.2994719673843966
0.8505649504289949	1.1839102750868036	0.8548332069148725
0.8119605485010228	0.42249687294272786	1.0559309801682997
-0.17959120537034823	-0.5846746773750444	2.1898284011270244
-1.0837740877111646	0.2515002209426754	-1.4143385188908268
0.5740136839150347	-1.786562081053868	0.24061675227287915
-0.4950441423513946	-1.982213819850254	2.724319476934326
-1.3448020004599646	1.9578768114534069	-1.0429525581684131
0.022524596059150078	0.356072068988296	0.49590083161009196
0.32193614677541876	-0.23824612289248112	-1.2206741031245398
0.6661239545142461	-0.33558611273629424	-0.5959651083143259
1.1975361643553928	0.07082155449422745	0.511104313676456
0.8594765815173138	-1.552492463530528	0.8823254485531468
-0.20662330385359684	1.120809823926256	-1.775610401124438
-0.3000639135716505	-1.9811103196853264	0.24251800296267303
0.7560778439842647	0.8944519873328011	2.1463999886319614
0.41570470004407917	0.002713049477642411	1.853233342799569
0.9560999665492719	-0.03196748794675091	-1.2239692772572655
-1.642272233273427	0.18760567997986197	-0.3050995928170383
-2.404774168849651	-0.08003250843146767	-0.15536360724627488
1.3462437701242618	-0.7396875580125818	0.9120341652647193
-1.2761997257538804	-2.3231166437010797	0.4818012179480088
1.2542980378766322	2.4628765684055036	0.929147693253075
0.9585108051006548	-0.15281660932302962	1.6181846355295528
1.0806962867588281	-0.2528196070408608	-1.259860303602597
1.050670069722306	0.4840322721257058	-1.1739654581662222
-0.7680034949632232	1.2450447871150536	0.3160855901685739
-0.993833450698019	-0.52617627687178	-0.5798432044501279
-0.34683748266090725	1.588136841131136	0.7450349788538744
-0.6829243139034833	-2.344513776469522	0.1868906292984706
-0.7718236481125622	0.23620361255537906	1.0218712976057378
0.040163329416238056	-0.27567358690817795	-0.22718179277880604
2.0201522765797253	0.35300625527713275	-0.7149927373211692
0.5670678950197399	-0.24560209301935934	-0.7617776207132957
1.0907298914880275	-1.1715475208386028	-1.471449001940154
-0.1214034779674149	-0.0022974185387919966	0.7542985080120679
-0.32525849370505405	-0.409798847550235	-1.096266614357118
0.5109341937765665	-0.49390186958369026	-0.31049497450273816
1.8987914938168216	0.09762469491322799	1.4886948978831325
-0.8754888657835316	0.40377253896483495	1.7285575225788805
0.824434692985196	0.9792337204512869	-0.3009203013504148
-0.9372219372803483	0.7765242984126435	0.5272749391851245
-0.9379938425049607	-0.7777462640574091	0.04814303438197396
0.8189809732314354	1.3531965885431039	0.05904445540941917
-0.4312878053095015	0.10342563197635223	0.4880944353083517
-1.008442574859354	-0.10248871433004025	-1.3328763499231866
-0.05225817398998564	-0.23115757303233328	0.8495865416123857
-0.9358890451797596	1.2558278976058974	-1.0445885119287437
-0.9799507360638875	-0.4101115972563825	-0.6110173798980139
-1.0852641100020233	-0.42416858811938446	0.3648729066553979
-0.46247592368624946	-1.5086359076268119	-1.083682514565021
0.25298606830876325	-0.5402557134806362	-0.5793250779543557
1.2240924934733088	0.42464399201425357	1.0220133565965996
1.0153797308301618	1.6606085923476943	-2.3482010867586802
-0.46118069100293224	-0.9226178846124196	-2.239135303016904
-1.499511538147271	0.713757293580807	1.9033762492832869
-0.03511581620285028	1.7017953032351565	-1.1472475988656206
1.1390735421322968	-0.2974415300760864	-1.276352848645732
-0.4451257639174842	-1.6123341135156697	-1.4432306979691896
-1.4686771344572063	0.20900645601103623	-0.03437355965834238
-0.2506712678507702	0.6151898911370277	0.681166361672652
-0.3134096310923791	-1.3193189251029191	1.1621214121550607
0.852055467518518	-0.1888861637484023	0.29727873284123757
-0.011152339821196424	-0.16619316400871303	-0.35180780701743847
1.2355233822832952	-0.5035345706242386	-0.23117609854646431
0.045743470975026915	-1.1009389783978298	1.2361600242298765
-0.24383864077863945	0.4425150749477585	0.4380351780198716
-1.819739627540242	-1.3261203763328369	-0.49961568983016735
0.5687268707849276	0.2044035829807394	-0.38991323061686867
1.2749597723086084	1.3603720686569596	-0.22507091816950375
0.07099175003869171	-0.49617834437337444	0.7068321565126159
0.13167710435511756	-1.3362778209526323	0.13607177393646339
-0.6791279886685249	-1.058172541225627	0.462167950680201
-0.9609579950988828	-0.5777616726922444	-0.5483294098802485
-1.7560898927529969	-0.2811882939838403	0.5802737640526395
0.16938628245483708	0.6455595073438624	-1.1270050759285195
-0.13664702213056196	0.41702831479961816	0.4300302762238351
-0.2016046919172784	-1.0330671776690632	-0.4120523869122792
-1.1773942072488393	0.6041014228236354	-0.49961660596465296
-0.5300242246725189	0.1806115470331591	0.2774875008784668
-0.22170418064332947	-0.0069241995622763815	-0.855071366942835
-0.8957835788354548	-1.0158944499854166	-0.7804706848626496
0.05213864097831768	-1.0689423403915457	0.6224982499615079
-1.4555476183175398	-0.5127276482007785	-1.7767212254171838
1.1356696690164596	0.46413305318934994	0.3539401225456844
-1.2844103898623345	0.8409708176565623	-1.5382929778292873
1.1373859521212115	-0.8061731224571282	-1.1282431486768025
0.06900499411925928	1.4449586451302638	0.7158548860921277
-1.8640230415916572	-2.7530590824156693	0.3513787879257454
-0.0842368380244238	-1.7704921558926232	0.14620345907368398
-0.47282770884740943	0.4959069777215587	2.3212193036227937
-0.6555259108390596	1.1597985624459906	0.374039073475141
-0.5558594271552074	0.2753467749337109	-0.5039956064316282
0.3785455382964246	0.8724694055202574	1.6529041834972862
1.6403555637228726	-0.10495715692163116	-0.268677576812314
-1.5402391823556274	-0.05937788891494716	0.22302015459290006
2.1347633847974183	1.9846147753991994	1.1929892736616525
-2.4254183283968684	0.541515856466488	0.4823048176387379
0.9908905164702068	-0.49828293456425843	-0.12236852726776787
-1.7760855036632295	-0.39674714220872853	0.4470553560619584
1.5014499328300237	0.46808591176212155	-0.7051904792734437
2.372152482535035	-1.2218385321487961	-0.7627726242369126
-0.7337687102110639	-1.0633997975289868	1.040900454970049
0.0536485504418827	1.3552842835251113	0.6736935429118018
-2.807360179474444	1.834949569320353	-0.21838421309027337
2.8749027190015024	-1.503466616744982	1.2317436997544406
0.43832295175507735	1.4175784055810527	-1.5537346567170804
-0.5558506476372576	-0.45457312417733015	0.9915077625952978
0.6052517943969827	-2.357100934412561	-1.331912720381284
-2.176482277924932	-0.854234952911781	1.5700618757956017
1.2141231783273958	1.1556976846210407	0.031452558431732974
-0.498977334692594	-1.16897751258515	-0.5862899223707008
0.1751584168231029	0.2558923826532979	0.4105561132151164
0.44106762312861	0.02163036450805981	-1.856647076098893
-0.9209260815801001	1.3787916679835177	0.17999491823360753
-0.39248517394271454	-1.8733070327248187	0.9423158788018775
-0.23858643089258944	-2.123264357941851	-0.06040461808326556
-0.17021834115675627	-2.535951065106623	1.4524920869709161
-1.6106993966076648	0.1464091407422844	0.3718122047718065
0.499438903575123	-2.2655742314763465	-1.1962481309001078
-0.5962631325639787	0.039091193267898346	-0.6119884461603297
0.17014521308623906	-0.98159510460992	-1.1795281278077536
1.1866808475782955	3.6380210687099193	1.8621191245857824
-0.6220331234179152	1.388227407509883	-0.8885405342230704
0.10288257886794168	1.3020378531812409	-1.2482309838381347
-0.704835231854552	1.185913660406791	0.9231828815216558
0.13230674208320664	1.3470232156021809	-0.15302663763936353
-0.5543012706692276	0.5491828297664609	0.9172532451033016
0.148377271259382	-1.6509523893317737	-1.2397249418930152
-0.5247986367179777	-0.5794704001720016	0.8200968123091817
-0.74479581207263	1.9916013060155142	2.036963978646518
1.135796950849028	-1.0335651917611262	1.5569602972780867
1.4207113296165612	-0.15304446969467042	-1.190550253214807
-0.25140482413528503	-0.41780825517259934	1.8551791554893169
0.06459474850228326	0.7794494088151029	-0.7086195671231637
0.8058351115620438	0.17106832929197627	0.4281851238879766
0.7179733284464689	1.4839552578599693	0.03161009545546006
1.6032193001001214	-0.39814530612351645	-0.4233702388404845
0.34743448578572517	-0.6308744631025838	-0.5647823985041991
0.24123004415830968	2.4072961151484304	1.3595990540431577
0.22637814271795684	1.0967412527351486	-0.6680375823007302
0.49614462733968134	-1.3255730083127402	2.465405968192643
1.2673672131004035	-0.3201351476919313	-1.4918410315901496
0.5741664537471831	-0.3313279674213148	0.02875165690144914
-0.7380629858429685	-0.9405428169617304	0.5862525862282943
2.1367188050630666	0.44235289561970204	0.34023981610767356
-0.5385660934939256	-0.20518562403426502	0.23108706544058763
-0.30713669680247185	1.2628893071457536	-0.29919186025017297
-0.301841057513471	-1.5247670151215902	-3.6290717167663247
-0.2799253084089037	0.3563474316594975	-0.5962639519803533
0.8694542192682627	-0.24423950004840092	-1.2560635443537784
1.5124451587796295	-0.054442988717062046	-1.698706965093746
-0.6553305213280504	0.20141831002227284	-1.2726010055163084
1.227326643127827	-0.03938980709941521	0.034486433661554565
-0.316449070955319	0.603349524516384	-1.4415408239478766
-1.2041980100283773	-0.06066539467533597	-1.8949545894015511
2.5371631974809645	1.46891335718428	-1.1023582938529548
-0.9074164291867154	-1.1603880126257033	0.7438052706280287
0.6629712335054794	-0.11685957669737336	-1.253660620148657
-1.2405378549027473	-0.10537605102541656	1.6708470690870691
1.0334332088596707	-0.8318670765967695	-0.5443122257237681
-0.4943766700588862	-0.18220036030375056	-0.7396022482945482
-0.41500732577683297	0.057190661348897505	0.2847662567046215
0.5058397552312965	-1.340826674198179	-0.48846817011768773
-0.7803290855806411	0.46530058443243705	-0.32856158553878
2.0674364702317765	-0.77448248937045	0.31674763070388895
-0.8753980427143272	-0.7536681954149954	1.5397346476597127
0.35763241021532954	0.388456463854323	-1.4487561704750673
0.6387217465241464	-0.5832662225488993	0.9118762511047183
0.9925264323532601	1.3352359989553737	-1.6246060734938508
0.104045317445382	0.3121507637876041	1.5072297360462716
0.8143555139515979	0.1962639784180037	-0.5560122738058056
0.2802832138732637	1.8461049930746114	0.31400299662704984
-0.3494361167088082	-0.9614917643709502	-0.08902389748345925
0.7407178007211156	-1.0344852108790463	1.0895398016064544
0.06386899094440926	-1.3116772641608838	-0.734211835810992
1.087983935748695	1.3106027232091204	0.4728637466804417
0.5310281935196307	-0.531414689562243	0.4438823956207598
-0.7692273271645355	-0.3637408700838504	-1.245667572924462
0.7955575650831955	0.8218549695517579	-0.26593948200808065
-0.46249062805296304	0.9425714722280764	0.08926152709821406
1.0712832363642943	0.36777486123180675	-0.22921016345684658
-1.3944818955443232	-0.6468048011059004	-0.09690701524511137
-0.5541751084604639	-0.6620720138684715	0.8843220967689375
-1.228580739283414	0.3491606461782049	1.309708331571845
-0.7270414419822445	-1.120354258418941	0.5863489744100561
-0.8480426823746904	-0.017156910788471008	0.45790198773284196
0.9822223735693696	-0.8979861283166969	-0.7186521935352107
-1.817763708254129	-1.485831710533981	-1.3461535620773744
-0.044708704707313175	-0.5377779815525215	0.6823032109182481
0.31239308537255206	-0.5929098464601652	-1.6771615043921033
-1.415836923945306	-1.6447191221180704	-0.004221768547425321
-1.0892627613783008	1.0015160914488235	-0.9275184328344245
0.006218308695677067	-0.829439158707612	-0.9297170892114348
1.2250109537432503	-0.5061457331568471	-0.23991288686927043
0.5737798599612058	-0.7757218277099774	-0.4188789985095623
0.47936440062961577	0.8658070405926132	0.79629224730695
0.08149719887695653	-0.7937805210633714	-0.9471046826501668
0.2984515797900434	-0.3261983838322056	0.4933885871610311
-1.1551413482273312	-0.3685789732710868	0.37373889413415745
-0.6378814681013507	-0.41837655763590437	0.8659612074566809
-0.6031265469453481	1.683530565049218	-0.030308248857828582
-1.2587547447687593	0.423824400029833	-1.1725844203519151
0.704979712427552	-1.1830290958375242	-0.6709596074363804
0.07151981568778787	-0.04852775732269788	-0.4609062384990616
-0.6101258179715743	-0.11714907525037063	0.051794006400222026
0.08060077754733598	0.9791904712410592	1.3064294235719793
0.21328464014536458	0.17334917903694858	-0.680278849589292
-0.7130140810112924	-1.726253204888501	1.206263870773607
-1.4598971033490376	-0.3755259406095617	-0.7017236866870362
-0.27288355207348414	0.6695219356199673	0.4582133938763566
2.00500198743785	0.13294340496619345	0.5043528558117284
0.29016894536773086	0.0070759135221255855	-1.806624737397533
-1.444257934174661	-0.7404047483383078	-1.875625181859092
0.4447704156658463	-1.2782720133592507	0.15416418147662694
-1.107538960231529	-0.9389795063508907	1.0933220453237238
-0.8791655585968181	-0.8659257403589459	-0.6087308622313777
0.3833583019476899	-0.4937634829058576	-0.5759751269438667
0.04990044503887107	-0.06171723784316899	0.6866289524359871
0.6670269317795574	0.40109705261169953	-0.3555992668951167
0.18500388340577154	-0.8094949695637633	-0.990879666610387
-0.3437305006139815	-1.473947631870092	-1.2736971329982114
0.2618887861343314	-0.38080853786050506	1.327094383215176
-2.407825052207317	-1.2021066512854106	1.2240967121829045
-1.3401948591850816	-0.6139229009027267	0.4593736328911588
-1.1493550338951342	0.6652814931227387	-1.0465042168004486
0.0003208239901471322	0.43736533678866607	-0.4930886013614234
0.4742944516346566	-0.06763610164429623	1.5072702204364166
1.735610258531612	1.05608268587513	-1.6046840362290762
0.084895095285036	2.406100532186198	-1.2993551159780343
2.0688531650735142	0.34727840791624437	-0.944774364638694
-0.12836065493787188	-0.853370752491923	2.45746632702269
-0.931255199476342	1.7835254208738673	-0.39397574569606175
-0.8195261898956925	1.023462440797648	0.648661209091119
-0.9225000161030216	1.8588588471240683	0.9788741183513718
1.2763566909107302	-0.49616546672605805	1.567922254807698
-0.7159980133759859	-1.3398032957636228	-0.81190477012758
0.4228938440314453	-0.0007107442384945616	1.4061093157834503
-1.8753797787523208	1.4001323535956476	0.42912872653272677
-0.3308843448052259	2.6851907937540034	-0.7802605609825424
-0.1623077969073577	0.44851498893082126	0.3272623461299235
-1.1549416604552591	0.2977268496145101	-2.0001565834405985
-1.1905463944338919	-1.4193506266963911	2.2089609642323507
-1.0522582257392312	-1.1004358865297552	-0.14800095876409025
0.32415392143227106	-0.9617445958003784	1.0052115192893616
-0.6837111135588487	-0.4478872595825953	1.6992889870888968
0.03322023398971605	0.6565286354937138	0.8015291641411305
1.5990642435615885	-0.10678364373716132	-1.050050379301655
1.7803158110634811	0.47912690404483305	3.033393389802876
-2.162093443020748	0.013448284023820306	-2.5297994587251558
1.6794941433927086	-0.21827095378322592	0.8081021902511437
0.55710624655813	1.3615148233801626	-0.9301747182762495
0.3915839438415918	-0.9600427949119639	0.5845454628396369
-0.743587287725089	-1.0640453811307462	1.5278341368224246
0.7696540143328499	1.1473291485055013	1.7187022823416607
1.0636594875558345	-0.2237843519052226	-0.4607336639271256
0.5731837715303997	-0.05608335630014486	-0.5377902339417394
0.5414318384464251	-0.9216619498320503	2.3224398263623653
1.0791506328601739	0.19908079484528923	0.47220519926277915
0.00424899018436921	0.40353328439737624	-0.5779194673048474
0.6647619676363494	0.16072824257248935	0.46998848689649464
0.02117811568289229	-0.5947354633468882	-0.2553725314963316
0.4171009313386713	0.40866288501549297	0.2534137834939835
-0.5475360594286622	-2.1047292359990357	0.34978325727468923
-1.2949593544705882	-1.0620611326495897	1.2010393695555994
-0.980853770231563	1.682177060577507	1.2913979490114764
0.15147774909367948	-1.301514594214224	0.5262871627365174
-0.970189003787578	1.038119936543147	-0.6484764646177642
0.061791531995546746	-0.2681085715660707	1.3272811423551212
-0.5260768677687547	0.35294433508407635	0.4674446979070273
-0.7281845814216467	-1.0445990441346795	-0.3040727647270839
0.8018223034770668	0.3749497333915875	-1.7534923589238307
0.2994218136652804	1.3605716415721545	1.7114714438269334
-0.5885684325284749	-0.31028516641697607	-0.8837370801933497
-0.11401469358803859	1.6314075154291152	0.6660073719071286
-0.5099594929088481	-0.47475345871946023	0.588500830744203
0.3046158205516285	-0.8114681368765837	1.0253051579261498
-1.1280235941907055	-0.09392164616594717	-1.5565934732212101
1.0927174059552962	-0.785027020914511	0.5432780844786763
0.6912725910012044	1.7961189163376314	-0.7997249345584178
-0.15694162084346142	0.7575494575653836	-0.4967306147089475
0.2714279901374581	-0.8175808644353241	-0.07647574130108314
-0.04673979818405225	0.4795569167083716	0.596412700232771
-0.9925727337585583	1.136451630895387	-1.039717474787384
0.3107153385846877	1.8759729459497458	-0.41006769579161073
-1.0510818075990636	-0.06990373803074379	1.3912305488522017
-2.7525887270481886	-0.01432371444565692	-0.48601366599158197
0.22702433524207252	-0.25555929663110455	-0.23553244410160945
-1.4766575699021538	-0.8697396995106718	0.9473499266887683
0.48231608048828056	2.3325147235422667	-0.4866022117016709
-0.6967106385558712	-1.8586944599351207	2.594313102318963
0.3215117576095573	-2.5881946633419193	-1.915058869242566
-0.810781904437699	0.6223631532886026	-0.8452971054056019
1.5135773862770316	1.2844384380768474	-0.25905916420921477
0.39280898976375855	-0.06109900723365353	-0.7905624790058475
0.7710618691747821	-0.31866608436593213	-0.23967585577210493
-2.00580544634498	-0.2869355091916641	-0.7977051909093361
-1.8039383249495593	0.49341684548798825	0.9988303344812034
-1.1973958399032463	-1.0397037390412236	1.2442622805771313
-1.0851879779556879	1.4286972814743393	0.07960103913153216
-1.7426525306036835	-0.9424911843982745	-0.37424482650825286
0.10005087789438614	-1.3788104166427593	-1.4013099751122076
-1.6930176144755396	-1.9946585131719416	-0.22518022768443718
-0.7889639678171231	0.3437377074407769	0.18187551701146634
1.3864348483759203	-0.284968545793889	0.35970612657967477
-0.3206539904376551	-0.34358128131520493	0.16435478481293886
-1.198003767453443	-0.6112399400558722	-1.3609672726604054
-0.4672678373514142	0.3357934402670783	0.5088340609558655
0.5921315123623856	-0.5660813932554869	0.5315684702523167
-0.023448395921873148	-1.7217131370996046	-0.16423826767345862
-0.1532877096897095	-0.25430219540139504	1.931638166908671
0.030457102289578746	-1.3438019028282584	0.19872494050399458
2.0565540123556145	-0.5998901642207083	2.763161024711661
-0.11252920579219564	0.037408218299537284	-0.3984357666582632
-1.0178212820946229	-1.0602844920927417	1.221985848120667
-0.8470420248167781	-1.4885462852678477	-0.7444892567300828
0.15571872983280255	1.157222864847271	0.7072468027939243
-0.14755397500552977	-0.2186365309502309	0.4819722341127969
0.12870617543662405	0.435725525023096	1.3189605205583683
0.04855416781629817	-0.4331469544124205	0.8549340865377187
-2.308718289294531	-1.0697622326391563	0.3816361123297356
1.739205959864314	-0.45724667202427016	-0.18643301429483966
-1.9881217250825391	2.3423898197142954	-0.47678413527274877
-2.125115600277437	0.34781400968097115	-1.0295274480402123
-0.2544525966551123	-1.0931570438635785	-0.0693597383556352
0.6740557937245811	-0.03226876817964922	0.8306320750906385
-0.6221289174967138	0.11823658148499713	-0.46379995249342343
0.26231559799820764	-1.0844113011754615	-0.31715756231748293
3.4477789334630287	1.033750838074627	-0.3419265135139163
-0.10179944724976607	1.5337712273854842	0.17971286765277497
1.2615413249478482	-1.2437550999708034	-2.3431212864578654
0.768518606061694	0.6047948620945672	-0.6409397761596517
1.782457424744761	1.8601543757235586	-1.4447882612784277
-0.8504254223500544	-0.31823752469015715	0.8656663202270869
-0.9750743968659397	-1.2529533760442242	0.22704362434254513
-0.6532950014757681	-0.18446127120971048	0.5807142825075899
0.7068581830085117	-0.2816621874305727	-1.3946361927581343
0.12273418324021915	0.4663947679849523	0.7219232639571371
-0.09452046259377497	-0.2945666216143718	-1.3267168356207304
0.24544279332801655	1.2181722952493153	-0.025253808535232316
-0.18183603892266065	1.145805530289658	0.2966714126719222
-1.2797524399421834	0.7776355139860852	0.1000132319349936
0.3997729714153133	0.46915421464655277	-0.8953692732109758
-0.37451614727490606	0.5679923523941468	0.5483375411101794
-0.9860899206755727	0.32957442663949765	-1.2534419579094427
-0.8097811217855271	0.14858088611061301	-0.1910886419244902
0.36892241542742665	-0.3744134684016597	-0.5365406768574783
-0.8460687311412808	0.0679097785089617	-0.6505476918779651
1.378066840739901	-1.118113942834411	-0.6734305131045738
-2.2175954823213524	1.0943534024324073	0.6755840324090598
-0.8206905221320704	1.663930278969011	0.7929840705635007
-0.3102244989023579	-0.46080890048242845	-1.2593698812259364
2.8051287533367875	-0.08381193913261438	-0.4839572671523228
1.20566834594264	-2.040743976108769	-0.6146656849523101
-0.18196298286194829	1.7622043139810726	0.9075894629650532
0.31927781689728996	-0.2918443682925535	0.1472328958015917
1.664176648975228	1.5482309016478542	1.8036414941923393
0.09396728142764306	0.4247373298484032	-0.4369584177428832
0.04138097221447007	-1.829911091517431	-0.9858884811337751
-0.3992202964252289	-0.616944380440492	0.1484274656312643
-1.1425998476219066	-1.2134234572947287	0.7542387069537213
-0.596375925658178	-1.9771296380857308	-0.7346399288027781
1.6256608422816357	0.15268946183587365	1.0527310899102589
-0.056512140206929976	0.7632893809069642	0.9296597691288778
0.10070264216578738	-1.938263169308874	-0.18389819002278313
-0.4896165856357047	0.4171852570655989	1.2934826343444144
0.6161120109990066	-0.6271989827925679	0.2784342524647317
1.5920764072111782	0.6401156227664017	1.9001890156754813
0.8581381550675709	0.2723009655466878	-0.17802716255881534
-0.4460690994082169	0.2018580322909486	-0.18921350275333518
2.0111720961859425	-0.22094541795195083	0.011334698685445819
0.6463961330901522	0.9803775679320164	-1.929583622144699
0.8385467035148715	-0.738408544563386	-0.024938316256111086
0.860561500589121	-0.9237736335693435	-0.668117736377967
0.6385916029089171	1.027293993827361	0.7574469555186996
0.3675281754120335	-0.9182577542445235	-0.8428650110944498
1.9213796094166313	2.1335765304616796	2.8631842006534463
0.8459440731619156	-0.5079979747845518	1.103781549956504
-0.5705955862051114	-0.6424731143612312	0.8966004080672185
-0.2694283412375126	0.3587451906695368	2.6076926177940964
0.4727517558921771	1.7300891621178947	1.214160867668095
-1.313038397139969	-0.29093825749372965	-0.6270463080475756
0.5528693177543632	1.6156972574997335	-0.9416919923197451
0.7843644416192102	1.148345596684473	0.8867851819348213
0.8581505562910089	-1.0010269329723722	1.0425657805169097
-0.28401238258156636	-0.5309087452729196	-0.5184243643758425
-1.2535323724855891	-1.2223632437911343	0.3657392516711192
0.8979060467809743	1.501745970654973	-0.38337448458989093
-1.0511304552227945	-0.5763183580873992	0.40526635133360595
0.3392899117166873	-2.814786161490412	0.31867311762501815
1.3010965288075513	-0.12247567904819434	-2.46310331041098
-1.524201352844477	-1.6396039253761192	1.9283845028339863
-0.44817849220665407	-0.5564845075576839	1.1383084346438084
-1.146208406618257	0.0341484851093973	1.094746105500245
-0.462500311880199	0.11058739683915539	0.6352636587425339
0.2442698339002137	-1.251638965208665	1.6199843604170587
0.8974517435648246	-0.2907887632288988	-0.6014511954224584
0.5163841425368413	0.7687158745599915	0.3902988436637889
0.5238942105484548	0.12816829030401097	-0.6849574443101776
1.2143912104616073	-1.5286456496309553	-0.7939625093865018
1.252045988958537	-0.5505048322840853	0.7986650579688523
-0.8591923014110541	0.6771738461676814	0.5389287824591482
-0.24257874143518793	0.5671041541178429	-0.24627188261298666
0.7891290540618563	-0.16294619066104019	1.0172539447817468
-2.765561462021938	0.08165991327310301	1.6354774503634217
-0.9781955670158623	-0.5067594135474037	-0.06698036766142604
0.7726741623021448	1.1947564885240263	0.13118907856718448
1.5796579453808446	0.7173164253154788	-0.44131721713596156
0.3274371833639889	0.7976287556120062	-0.06520221341344003
-1.5388436803511378	1.114079499170088	0.2495453711920916
0.7226429346577988	-0.5749635722855131	-0.5812732666528279
-1.4985878900247465	0.699145078198679	2.6622729090934363
-0.6559512722972457	-1.80337272563917	0.2839363916904751
-0.4930604996305261	1.9522678832487201	-0.0898295701603178
0.09839385444022657	0.7371844333131825	0.1427649026353518
-0.8611529722772828	0.826111767040293	-0.4571508061800787
-0.3300744469210444	-0.2148386701098637	0.7404058314632345
0.313519276726149	0.18783796137224065	0.4033546402017255
1.0573819303270446	-1.3075381904980197	1.0145174898402287
-1.6162581334526382	-1.3298310035541463	0.8661893232789438
-1.0844176636917255	-0.35059082103976164	1.303226889062405
-1.3503335904882996	1.9639426053319151	-0.41338223008213254
0.8139107417409652	0.8194775363584094	0.2885646217280151
0.004999813434794212	-2.55448516814584	0.13589563936717453
0.7431116662569291	-0.9131500916793436	-1.01094424596068
-0.6524104431363268	-0.5692043473378492	-0.6662306885602177
1.037430788638866	0.8328580439641842	-1.0175200239804474
1.757313621199211	-0.6900302262002034	-0.188099833032177
-0.39910526977769406	-0.6470144723742445	-1.4945815489584788
-1.2499400168223853	0.26458980606669513	0.09901404745873046
1.309567408776262	-0.10000768670253546	-0.28258536267913986
-0.49854121890475417	0.19597058399446665	0.5068241307162478
0.4473477396806155	0.4228492825232979	-0.572631229496672
-0.939164640498042	-1.194463739014857	0.024245744772806062
1.6684666924842788	0.288574842042085	0.14941093335306957
-1.076649401960025	0.15740643726174272	-0.2006501466024256
0.984719903592299	-0.3879799586770842	0.6162357118652572
0.907172887394442	-0.4373825238584141	-0.12386962861540769
0.2141028028248878	0.6626573713670096	-1.0662370015735292
1.5120460920879355	-0.294260347454177	0.754692917130638
-0.6776133531438672	-1.3315362766038261	-1.0099017539079747
1.7368133860648416	1.2890526407534937	1.0488132269212027
0.7168609445387024	0.4989485535464897	-0.36755371299307094
0.798194733523685	0.3547937882854926	-0.21477719865424602
-2.080166864838669	-0.9604660048075156	1.7281552453385332
-0.14820643023109334	-0.45744400360741333	0.21610666175999746
-0.3884133689642778	-0.8642487014209901	0.9904767230533107
-0.5817143137440355	-0.729064202881845	-0.06912443641816338
1.1064937401596522	-2.6569132797039856	-0.3012019035931724
0.5149376175445344	-0.6871223678803672	0.14203793913608398
2.1532722744237964	-0.35119878047514536	-1.0163361349189337
-1.493821169796148	0.32797811640303143	0.7773778020953177
-1.433418802254898	-0.10670981164716517	1.0476574959897371
-0.37492353740730955	-0.3406010698669176	-1.7363798160737842
0.5386429733105857	0.20594582426886604	1.8518705134379936
-0.6138355061224159	-0.5657462059206758	-0.5497485857973095
-0.5532679142614791	0.4723321581352811	0.5082239074314864
-0.059416513590148747	1.6902516241734165	0.839180491764254
-1.3663821067143551	1.4407826590659585	-3.4505537342614803
-0.40540592706229733	1.2229754640215225	0.2203177970610456
0.1974920697373201	1.4352864320571255	1.6115597982150835
1.1207759401209028	1.7034668577395637	1.03764898910937
-0.27650067108792675	-1.1440348426765972	0.8803215094242215
0.27726708914296505	-0.8492750064292408	-0.2142826854219301
1.602089778696459	-1.0967226446890945	-0.7351320719784044
0.18873188415499986	-0.8221190663515341	0.8773052995823842
-0.5505950950130761	0.33431519282857225	-0.28040849117800387
0.01838410540840053	0.06494817275392484	0.39566038820980054
0.5198068418035049	-0.7314737599136498	0.41024944866506274
-0.355020102491864	-1.2460108545518318	-0.42282895477585386
0.27903840448241896	0.2854669216142512	0.7670918193299902
-0.12124311732469888	-0.3340528980598884	-0.585901478630389
-0.1743674667928312	-2.1683212963913743	-0.2576211864137528
1.8151950338343337	-0.21213398731549238	-1.4649764224738606
-1.2501948929487985	-1.2046529039166627	-0.3381229165072382
0.014720553052711428	0.24394699433339231	-0.7868723871345413
-0.2635460372256335	0.9929354238582115	-0.22439614785366152
-0.2559410492632064	0.6646483697035316	-0.7283915142410691
2.49135239421209	-1.6523807992236372	-0.5193664883637082
-2.4530287786871297	-0.6863573785404442	0.3090005840519536
0.09102838644015315	-1.038051599485662	0.12214480641348904
-0.29483203885119913	2.3033323865023663	-1.3482025633783143
0.003000344179577198	0.6049584789980272	-1.7124636502907635
-1.963875463583449	-0.11622956131920172	-0.28974917838750824
0.7035399837460823	0.652776243119205	0.659902973011086
1.1467678312867227	0.03055989942888924	0.5617834181333178
0.08512709082305327	0.2579795445556495	-0.9341874497530201
-0.2983104761333209	0.9726498855688055	1.2287643408729723
-0.2907688677488818	0.368214470839004	-0.48147152170006075
-0.5688048821047809	-1.0239988119862162	0.6632690870715813
-0.5183579973583501	-0.9683148824404672	-0.6223320188707384
-0.3728306077820825	1.7404437188437514	0.4463570078623054
1.3222992142992014	-1.8988741726649174	-0.5308323443706175
-1.4580823308903075	0.20982667407346905	2.2020031466198784
1.8307131304432822	-0.6795780841877449	1.4420487686078234
-0.6973807249426339	-0.4370936909074565	-0.40592334264876234
-0.6287853287823272	-0.4184967285702914	-0.13100222368455305
0.5367796331206758	1.3625819816920677	-0.6628836442661853
-0.2240293242960029	1.0146724882324754	1.570773505996747
-0.42552195967686174	0.39696514057892635	-1.4901222984839093
-0.40200673678757876	1.1021769121312326	-0.09093299919668926
-0.16198687265656464	0.4531272474791785	-0.7511353992414466
-0.5846628589160847	1.0291409963927158	0.3860786596114176
-1.3449429776197912	0.6907943209123515	0.5306374233732627
-0.09564181219508718	-0.5664822524291705	1.3973659186211398
-0.8439043899686678	0.4858472571347559	0.7060996789532364
-0.04117355904717073	-0.06848191962112306	0.9170403218806603