1.000000	3.000000	0.000000	-2.000000	-1.000000	0.000000	1.000000	-1.000000	0.000000	
0.999968	2.999852	0.000000	-1.999789	-0.999968	0.000000	0.999851	-0.999937	0.000000	
0.999871	2.999410	0.000000	-1.999159	-0.999871	0.000000	0.999405	-0.999749	0.000000	
0.999711	2.998674	0.000000	-1.998111	-0.999711	0.000000	0.998663	-0.999435	0.000000	
0.999486	2.997644	0.000000	-1.996644	-0.999486	0.000000	0.997624	-0.998997	0.000000	
0.999197	2.996320	0.000000	-1.994758	-0.999197	0.000000	0.996289	-0.998434	0.000000	
0.998844	2.994701	0.000000	-1.992451	-0.998844	0.000000	0.994655	-0.997745	0.000000	
0.998427	2.992787	0.000000	-1.989722	-0.998427	0.000000	0.992724	-0.996931	0.000000	
0.997944	2.990578	0.000000	-1.986570	-0.997944	0.000000	0.990491	-0.995991	0.000000	
0.997397	2.988073	0.000000	-1.982995	-0.997397	0.000000	0.987959	-0.994926	0.000000	
0.996785	2.985272	0.000000	-1.978993	-0.996785	0.000000	0.985125	-0.993735	0.000000	
0.996108	2.982172	0.000000	-1.974564	-0.996108	0.000000	0.981988	-0.992417	0.000000	
0.995365	2.978775	0.000000	-1.969705	-0.995365	0.000000	0.978547	-0.990974	0.000000	
0.994557	2.975079	0.000000	-1.964414	-0.994556	0.000000	0.974799	-0.989404	0.000000	
0.993682	2.971086	0.000000	-1.958689	-0.993682	0.000000	0.970744	-0.987707	0.000000	
0.992741	2.966791	0.000000	-1.952527	-0.992741	0.000000	0.966379	-0.985884	0.000000	
0.991733	2.962196	0.000000	-1.945925	-0.991733	0.000000	0.961702	-0.983933	0.000000	
0.990658	2.957298	0.000000	-1.938880	-0.990657	0.000000	0.956711	-0.981855	0.000000	
0.989515	2.952097	0.000000	-1.931388	-0.989514	0.000000	0.951403	-0.979648	0.000000	
0.988304	2.946591	0.000000	-1.923446	-0.988303	0.000000	0.945776	-0.977313	0.000000	
0.987025	2.940779	0.000000	-1.915050	-0.987023	0.000000	0.939827	-0.974850	0.000000	
0.985676	2.934659	0.000000	-1.906195	-0.985674	0.000000	0.933552	-0.972258	0.000000	
0.984258	2.928231	0.000000	-1.896877	-0.984255	0.000000	0.926948	-0.969536	0.000000	
0.982770	2.921493	0.000000	-1.887091	-0.982766	0.000000	0.920013	-0.966684	0.000000	
0.981210	2.914442	0.000000	-1.876832	-0.981206	0.000000	0.912741	-0.963702	0.000000	
0.979580	2.907078	0.000000	-1.866094	-0.979573	0.000000	0.905130	-0.960590	0.000000	
0.977877	2.899399	0.000000	-1.854872	-0.977869	0.000000	0.897174	-0.957346	0.000000	
0.976101	2.891402	0.000000	-1.843159	-0.976091	0.000000	0.888869	-0.953970	0.000000	
0.974251	2.883086	0.000000	-1.830949	-0.974239	0.000000	0.880210	-0.950462	0.000000	
0.972327	2.874448	0.000000	-1.818233	-0.972311	0.000000	0.871192	-0.946821	0.000000	
0.970328	2.865487	0.000000	-1.805006	-0.970308	0.000000	0.861810	-0.943047	0.000000	
0.968252	2.856199	0.000000	-1.791258	-0.968227	0.000000	0.852057	-0.939139	0.000000	
0.966099	2.846584	0.000000	-1.776981	-0.966069	0.000000	0.841927	-0.935097	0.000000	
0.963867	2.836637	0.000000	-1.762166	-0.963831	0.000000	0.831414	-0.930919	0.000000	
0.961557	2.826357	0.000000	-1.746802	-0.961512	0.000000	0.820509	-0.926606	0.000000	
0.959166	2.815741	0.000000	-1.730880	-0.959112	0.000000	0.809206	-0.922157	0.000000	
0.956693	2.804786	0.000000	-1.714388	-0.956628	0.000000	0.797497	-0.917570	0.000000	
0.954137	2.793488	0.000000	-1.697315	-0.954059	0.000000	0.785371	-0.912847	0.000000	
0.951498	2.781846	0.000000	-1.679647	-0.951404	0.000000	0.772820	-0.907985	0.000000	
0.948773	2.769855	0.000000	-1.661371	-0.948660	0.000000	0.759834	-0.902985	0.000000	
0.945961	2.757512	0.000000	-1.642471	-0.945827	0.000000	0.746401	-0.897846	0.000000	
0.943061	2.744813	0.000000	-1.622932	-0.942902	0.000000	0.732511	-0.892567	0.000000	
0.940070	2.731755	0.000000	-1.602738	-0.939882	0.000000	0.718149	-0.887148	0.000000	
0.936988	2.718335	0.000000	-1.581869	-0.936766	0.000000	0.703303	-0.881589	0.000000	
0.933813	2.704547	0.000000	-1.560306	-0.933551	0.000000	0.687958	-0.875888	0.000000	
0.930542	2.690389	0.000000	-1.538027	-0.930234	0.000000	0.672097	-0.870046	0.000000	
0.927174	2.675854	0.000000	-1.515010	-0.926813	0.000000	0.655704	-0.864063	0.000000	
0.923707	2.660940	0.000000	-1.491228	-0.923284	0.000000	0.638759	-0.857937	0.000000	
0.920138	2.645640	0.000000	-1.466654	-0.919644	0.000000	0.621241	-0.851670	0.000000	
0.916466	2.629951	0.000000	-1.441258	-0.915889	0.000000	0.603122	-0.845261	0.000000	
0.912688	2.613865	0.000000	-1.415007	-0.912014	0.000000	0.584382	-0.838710	0.000000	
0.908802	2.597381	0.000000	-1.387865	-0.908015	0.000000	0.564994	-0.832018	0.000000	
0.904804	2.580489	0.000000	-1.359790	-0.903887	0.000000	0.544927	-0.825185	0.000000	
0.900692	2.563186	0.000000	-1.330739	-0.899625	0.000000	0.524147	-0.818213	0.000000	
0.896463	2.545465	0.000000	-1.300661	-0.895221	0.000000	0.502616	-0.811104	0.000000	
0.892114	2.527319	0.000000	-1.269500	-0.890668	0.000000	0.480294	-0.803858	0.000000	
0.887642	2.508742	0.000000	-1.237191	-0.885958	0.000000	0.457129	-0.796479	0.000000	
0.883042	2.489726	0.000000	-1.203654	-0.881082	0.000000	0.433063	-0.788971	0.000000	
0.878312	2.470265	0.000000	-1.168818	-0.876028	0.000000	0.408035	-0.781337	0.000000	
0.873448	2.450350	0.000000	-1.132587	-0.870783	0.000000	0.381972	-0.773584	0.000000	
0.868444	2.429974	0.000000	-1.094850	-0.865333	0.000000	0.354789	-0.765719	0.000000	
0.863298	2.409129	0.000000	-1.055477	-0.859658	0.000000	0.326382	-0.757751	0.000000	
0.858003	2.387805	0.000000	-1.014313	-0.853736	0.000000	0.296631	-0.749694	0.000000	
0.852556	2.365993	0.000000	-0.971170	-0.847538	0.000000	0.265385	-0.741565	0.000000	
0.846950	2.343684	0.000000	-0.925814	-0.841030	0.000000	0.232464	-0.733386	0.000000	
0.841180	2.320868	0.000000	-0.877952	-0.834163	0.000000	0.197636	-0.725191	0.000000	
0.835241	2.297535	0.000000	-0.827201	-0.826876	0.000000	0.160600	-0.717021	0.000000	
0.829126	2.273673	0.000000	-0.773057	-0.819074	0.000000	0.120954	-0.708943	0.000000	
0.822827	2.249271	0.000000	-0.714805	-0.810624	0.000000	0.078132	-0.701057	0.000000	
0.816338	2.224316	0.000000	-0.651393	-0.801316	0.000000	0.031297	-0.693527	0.000000	
0.809652	2.198797	0.000000	-0.581121	-0.790767	0.000000	-0.020908	-0.686655	0.000000	
0.802760	2.172701	0.000000	-0.500865	-0.778171	0.000000	-0.080978	-0.681072	0.000000	
0.795654	2.146016	0.000000	-0.403361	-0.761233	0.000000	-0.154717	-0.678608	0.000000	
0.788327	2.118725	0.000000	-0.262289	-0.725291	0.000000	-0.263177	-0.690985	0.000000	
0.780769	2.090815	0.000000	-0.129297	-0.648938	0.000000	-0.365035	-0.735319	0.000000	
0.772976	2.062270	0.000000	-0.045663	-0.584426	0.000000	-0.427265	-0.769800	0.000000	
0.764943	2.033068	0.000000	0.021388	-0.527499	0.000000	-0.476086	-0.797819	0.000000	
0.756665	2.003188	0.000000	0.079473	-0.475165	0.000000	-0.517587	-0.821755	0.000000	
0.748139	1.972602	0.000000	0.131654	-0.425998	0.000000	-0.554214	-0.842736	0.000000	
0.739359	1.941281	0.000000	0.179534	-0.379169	0.000000	-0.587249	-0.861403	0.000000	
0.730321	1.909192	0.000000	0.224086	-0.334140	0.000000	-0.617468	-0.878172	0.000000	
0.721021	1.876300	0.000000	0.265954	-0.290530	0.000000	-0.645381	-0.893324	0.000000	
0.711456	1.842564	0.000000	0.305592	-0.248050	0.000000	-0.671351	-0.907064	0.000000	
0.701620	1.807937	0.000000	0.343335	-0.206472	0.000000	-0.695645	-0.919548	0.000000	
0.691512	1.772369	0.000000	0.379440	-0.165606	0.000000	-0.718464	-0.930897	0.000000	
0.681128	1.735802	0.000000	0.414108	-0.125287	0.000000	-0.739967	-0.941208	0.000000	
0.670467	1.698171	0.000000	0.447498	-0.085368	0.000000	-0.760282	-0.950559	0.000000	
0.659530	1.659392	0.000000	0.479741	-0.045713	0.000000	-0.779513	-0.959015	0.000000	
0.648319	1.619383	0.000000	0.510943	-0.006190	0.000000	-0.797746	-0.966630	0.000000	
0.636838	1.578048	0.000000	0.541191	0.033334	0.000000	-0.815055	-0.973449	0.000000	
0.625099	1.535272	0.000000	0.570554	0.072994	0.000000	-0.831500	-0.979511	0.000000	
0.613116	1.490916	0.000000	0.599085	0.112933	0.000000	-0.847135	-0.984849	0.000000	
0.600915	1.444817	0.000000	0.626823	0.153309	0.000000	-0.862004	-0.989490	0.000000	
0.588535	1.396778	0.000000	0.653787	0.194302	0.000000	-0.876145	-0.993459	0.000000	
0.576033	1.346557	0.000000	0.679975	0.236118	0.000000	-0.889593	-0.996776	0.000000	
0.563501	1.293850	0.000000	0.705356	0.279005	0.000000	-0.902377	-0.999458	0.000000	
0.551078	1.238278	0.000000	0.729855	0.323268	0.000000	-0.914522	-1.001526	0.000000	
0.538990	1.179340	0.000000	0.753332	0.369293	0.000000	-0.926049	-1.002987	0.000000	
0.527606	1.116388	0.000000	0.775535	0.417580	0.000000	-0.936982	-1.003851	0.000000	
0.517552	1.048553	0.000000	0.796007	0.468794	0.000000	-0.947330	-1.004122	0.000000	
0.509961	0.974651	0.000000	0.813916	0.523822	0.000000	-0.957106	-1.003807	0.000000	
0.506999	0.893187	0.000000	0.827646	0.583795	0.000000	-0.966316	-1.002910	0.000000	
0.512968	0.802750	0.000000	0.833978	0.649770	0.000000	-0.974965	-1.001432	0.000000	
0.535719	0.704480	0.000000	0.827022	0.720895	0.000000	-0.983054	-0.999373	0.000000	
0.583191	0.607912	0.000000	0.800820	0.790019	0.000000	-0.990578	-0.996734	0.000000	
0.650747	0.527208	0.000000	0.758842	0.846526	0.000000	-0.997531	-0.993520	0.000000	
0.725253	0.465087	0.000000	0.710930	0.888387	0.000000	-1.003909	-0.989738	0.000000	
0.799236	0.416414	0.000000	0.662692	0.919466	0.000000	-1.009710	-0.985401	0.000000	
0.870412	0.376507	0.000000	0.615836	0.943291	0.000000	-1.014937	-0.980519	0.000000	
0.938397	0.342414	0.000000	0.570659	0.962085	0.000000	-1.019592	-0.975100	0.000000	
1.003346	0.312344	0.000000	0.527055	0.977200	0.000000	-1.023681	-0.969154	0.000000	
1.065530	0.285174	0.000000	0.484823	0.989490	0.000000	-1.027209	-0.962686	0.000000	
1.125227	0.260166	0.000000	0.443762	0.999508	0.000000	-1.030180	-0.955700	0.000000	
1.182680	0.236819	0.000000	0.403692	1.007636	0.000000	-1.032599	-0.948198	0.000000	
1.238104	0.214776	0.000000	0.364459	1.014142	0.000000	-1.034472	-0.940183	0.000000	
1.291677	0.193778	0.000000	0.325936	1.019220	0.000000	-1.035802	-0.931654	0.000000	
1.343553	0.173634	0.000000	0.288013	1.023015	0.000000	-1.036594	-0.922609	0.000000	
1.393862	0.154193	0.000000	0.250597	1.025643	0.000000	-1.036851	-0.913045	0.000000	
1.442717	0.135343	0.000000	0.213606	1.027172	0.000000	-1.036577	-0.902957	0.000000	
1.490213	0.116993	0.000000	0.176973	1.027666	0.000000	-1.035774	-0.892340	0.000000	
1.536436	0.099069	0.000000	0.140637	1.027169	0.000000	-1.034444	-0.881186	0.000000	
1.581471	0.081512	0.000000	0.104544	1.025714	0.000000	-1.032590	-0.869487	0.000000	
1.625372	0.064275	0.000000	0.068648	1.023325	0.000000	-1.030213	-0.857233	0.000000	
1.668197	0.047318	0.000000	0.032906	1.020017	0.000000	-1.027314	-0.844411	0.000000	
1.709997	0.030607	0.000000	-0.002719	1.015798	0.000000	-1.023894	-0.831008	0.000000	
1.750820	0.014114	0.000000	-0.038263	1.010671	0.000000	-1.019952	-0.817003	0.000000	
1.790706	-0.002185	0.000000	-0.073756	1.004631	0.000000	-1.015489	-0.802386	0.000000	
1.829694	-0.018308	0.000000	-0.109228	0.997668	0.000000	-1.010505	-0.787136	0.000000	
1.867818	-0.034275	0.000000	-0.144705	0.989764	0.000000	-1.004997	-0.771232	0.000000	
1.905110	-0.050098	0.000000	-0.180213	0.980906	0.000000	-0.998966	-0.754650	0.000000	
1.941597	-0.065791	0.000000	-0.215775	0.971067	0.000000	-0.992409	-0.737362	0.000000	
1.977307	-0.081364	0.000000	-0.251413	0.960219	0.000000	-0.985325	-0.719337	0.000000	
2.012263	-0.096828	0.000000	-0.287147	0.948325	0.000000	-0.977711	-0.700542	0.000000	
2.046488	-0.112189	0.000000	-0.322998	0.935342	0.000000	-0.969565	-0.680937	0.000000	
2.080002	-0.127455	0.000000	-0.358983	0.921221	0.000000	-0.960886	-0.660479	0.000000	
2.112825	-0.142633	0.000000	-0.395120	0.905904	0.000000	-0.951670	-0.639119	0.000000	
2.144973	-0.157727	0.000000	-0.431424	0.889326	0.000000	-0.941915	-0.616799	0.000000	
2.176463	-0.172742	0.000000	-0.467909	0.871408	0.000000	-0.931621	-0.593454	0.000000	
2.207311	-0.187680	0.000000	-0.504588	0.852060	0.000000	-0.920787	-0.569011	0.000000	
2.237530	-0.202547	0.000000	-0.541470	0.831176	0.000000	-0.909413	-0.543383	0.000000	
2.267135	-0.217343	0.000000	-0.578562	0.808632	0.000000	-0.897502	-0.516469	0.000000	
2.296138	-0.232071	0.000000	-0.615864	0.784275	0.000000	-0.885061	-0.488149	0.000000	
2.324550	-0.246734	0.000000	-0.653372	0.757934	0.000000	-0.872102	-0.458280	0.000000	
2.352381	-0.261331	0.000000	-0.691071	0.729398	0.000000	-0.858642	-0.426692	0.000000	
2.379643	-0.275865	0.000000	-0.728929	0.698405	0.000000	-0.844712	-0.393178	0.000000	
2.406346	-0.290335	0.000000	-0.766894	0.664629	0.000000	-0.830362	-0.357475	0.000000	
2.432498	-0.304741	0.000000	-0.804875	0.627662	0.000000	-0.815668	-0.319258	0.000000	
2.458108	-0.319084	0.000000	-0.842722	0.586977	0.000000	-0.800756	-0.278105	0.000000	
2.483184	-0.333363	0.000000	-0.880179	0.541875	0.000000	-0.785835	-0.233456	0.000000	
2.507736	-0.347577	0.000000	-0.916806	0.491406	0.000000	-0.771262	-0.184553	0.000000	
2.531771	-0.361724	0.000000	-0.951800	0.434246	0.000000	-0.757686	-0.130336	0.000000	
2.555296	-0.375803	0.000000	-0.983602	0.368502	0.000000	-0.746358	-0.069294	0.000000	
2.578321	-0.389812	0.000000	-1.008916	0.291543	0.000000	-0.739920	0.000679	0.000000	
2.600852	-0.403749	0.000000	-1.020234	0.200655	0.000000	-0.744382	0.081751	0.000000	
2.622899	-0.417612	0.000000	-1.002268	0.099335	0.000000	-0.771982	0.171125	0.000000	
2.644472	-0.431398	0.000000	-0.945255	0.011094	0.000000	-0.830535	0.249989	0.000000	
2.665582	-0.445109	0.000000	-0.869933	-0.045128	0.000000	-0.903458	0.303194	0.000000	
2.686238	-0.458744	0.000000	-0.795457	-0.076951	0.000000	-0.975430	0.336833	0.000000	
2.706446	-0.472306	0.000000	-0.726609	-0.094370	0.000000	-1.042633	0.358905	0.000000	
2.726210	-0.485794	0.000000	-0.663506	-0.103042	0.000000	-1.104971	0.373935	0.000000	
2.745536	-0.499209	0.000000	-0.605421	-0.106024	0.000000	-1.163030	0.384370	0.000000	
2.764426	-0.512551	0.000000	-0.551598	-0.105077	0.000000	-1.217423	0.391617	0.000000	
2.782885	-0.525819	0.000000	-0.501407	-0.101287	0.000000	-1.268654	0.396547	0.000000	
2.800914	-0.539014	0.000000	-0.454331	-0.095368	0.000000	-1.317132	0.399727	0.000000	
2.818516	-0.552133	0.000000	-0.409960	-0.087807	0.000000	-1.363188	0.401550	0.000000	
2.835693	-0.565177	0.000000	-0.367964	-0.078953	0.000000	-1.407089	0.402292	0.000000	
2.852448	-0.578143	0.000000	-0.328065	-0.069065	0.000000	-1.449057	0.402162	0.000000	
2.868781	-0.591030	0.000000	-0.290040	-0.058337	0.000000	-1.489272	0.401313	0.000000	
2.884696	-0.603838	0.000000	-0.253700	-0.046920	0.000000	-1.527889	0.399864	0.000000	
2.900193	-0.616563	0.000000	-0.218881	-0.034935	0.000000	-1.565037	0.397910	0.000000	
2.915276	-0.629205	0.000000	-0.185445	-0.022477	0.000000	-1.600828	0.395528	0.000000	
2.929945	-0.641761	0.000000	-0.153274	-0.009626	0.000000	-1.635364	0.392778	0.000000	
2.944201	-0.654229	0.000000	-0.122263	0.003555	0.000000	-1.668730	0.389715	0.000000	
2.958047	-0.666608	0.000000	-0.092322	0.017010	0.000000	-1.700995	0.386379	0.000000	
2.971484	-0.678895	0.000000	-0.063370	0.030694	0.000000	-1.732224	0.382805	0.000000	
2.984515	-0.691087	0.000000	-0.035335	0.044568	0.000000	-1.762474	0.379022	0.000000	
2.997139	-0.703184	0.000000	-0.008153	0.058596	0.000000	-1.791798	0.375058	0.000000	
3.009360	-0.715182	0.000000	0.018233	0.072752	0.000000	-1.820243	0.370933	0.000000	
3.021179	-0.727079	0.000000	0.043875	0.087008	0.000000	-1.847850	0.366667	0.000000	
3.032597	-0.738873	0.000000	0.068820	0.101341	0.000000	-1.874660	0.362277	0.000000	
3.043616	-0.750562	0.000000	0.093111	0.115732	0.000000	-1.900707	0.357778	0.000000	
3.054238	-0.762142	0.000000	0.116785	0.130163	0.000000	-1.926022	0.353181	0.000000	
3.064464	-0.773613	0.000000	0.139879	0.144618	0.000000	-1.950636	0.348499	0.000000	
3.074297	-0.784971	0.000000	0.162425	0.159083	0.000000	-1.974574	0.343743	0.000000	
3.083737	-0.796214	0.000000	0.184454	0.173545	0.000000	-1.997864	0.338919	0.000000	
3.092788	-0.807340	0.000000	0.205992	0.187991	0.000000	-2.020527	0.334038	0.000000	
3.101449	-0.818347	0.000000	0.227066	0.202412	0.000000	-2.042587	0.329105	0.000000	
3.109723	-0.829231	0.000000	0.247701	0.216797	0.000000	-2.064060	0.324128	0.000000	
3.117612	-0.839991	0.000000	0.267915	0.231136	0.000000	-2.084967	0.319113	0.000000	
3.125116	-0.850625	0.000000	0.287731	0.245423	0.000000	-2.105325	0.314064	0.000000	
3.132239	-0.861129	0.000000	0.307168	0.259648	0.000000	-2.125150	0.308986	0.000000	
3.138982	-0.871502	0.000000	0.326243	0.273805	0.000000	-2.144459	0.303884	0.000000	
3.145345	-0.881742	0.000000	0.344974	0.287887	0.000000	-2.163264	0.298763	0.000000	
3.151331	-0.891845	0.000000	0.363376	0.301888	0.000000	-2.181579	0.293624	0.000000	
3.156943	-0.901810	0.000000	0.381463	0.315801	0.000000	-2.199417	0.288472	0.000000	
3.162179	-0.911634	0.000000	0.399251	0.329622	0.000000	-2.216791	0.283310	0.000000	
3.167044	-0.921316	0.000000	0.416753	0.343346	0.000000	-2.233711	0.278141	0.000000	
3.171538	-0.930852	0.000000	0.433979	0.356966	0.000000	-2.250189	0.272966	0.000000	
3.175663	-0.940242	0.000000	0.450941	0.370479	0.000000	-2.266233	0.267790	0.000000	
3.179421	-0.949481	0.000000	0.467650	0.383881	0.000000	-2.281855	0.262613	0.000000	
3.182813	-0.958569	0.000000	0.484116	0.397166	0.000000	-2.297063	0.257437	0.000000	
3.185840	-0.967503	0.000000	0.500348	0.410332	0.000000	-2.311865	0.252265	0.000000	
3.188504	-0.976280	0.000000	0.516357	0.423374	0.000000	-2.326270	0.247098	0.000000	
3.190807	-0.984899	0.000000	0.532150	0.436288	0.000000	-2.340286	0.241937	0.000000	
3.192749	-0.993357	0.000000	0.547736	0.449072	0.000000	-2.353921	0.236785	0.000000	
3.194333	-1.001652	0.000000	0.563123	0.461722	0.000000	-2.367181	0.231643	0.000000	
3.195560	-1.009782	0.000000	0.578318	0.474234	0.000000	-2.380073	0.226511	0.000000	
3.196431	-1.017744	0.000000	0.593328	0.486606	0.000000	-2.392603	0.221391	0.000000	
3.196947	-1.025538	0.000000	0.608160	0.498835	0.000000	-2.404779	0.216284	0.000000	
3.197109	-1.033159	0.000000	0.622821	0.510918	0.000000	-2.416605	0.211191	0.000000	
3.196919	-1.040607	0.000000	0.637317	0.522851	0.000000	-2.428089	0.206113	0.000000	
3.196379	-1.047878	0.000000	0.651653	0.534632	0.000000	-2.439233	0.201051	0.000000	
3.195488	-1.054971	0.000000	0.665836	0.546259	0.000000	-2.450045	0.196005	0.000000	
3.194250	-1.061883	0.000000	0.679870	0.557729	0.000000	-2.460529	0.190977	0.000000	
3.192663	-1.068613	0.000000	0.693761	0.569039	0.000000	-2.470690	0.185966	0.000000	
3.190730	-1.075157	0.000000	0.707513	0.580187	0.000000	-2.480532	0.180975	0.000000	
3.188452	-1.081514	0.000000	0.721132	0.591170	0.000000	-2.490060	0.176002	0.000000	
3.185828	-1.087682	0.000000	0.734622	0.601987	0.000000	-2.499278	0.171050	0.000000	
3.182862	-1.093657	0.000000	0.747987	0.612634	0.000000	-2.508190	0.166118	0.000000	
3.179553	-1.099439	0.000000	0.761231	0.623110	0.000000	-2.516800	0.161206	0.000000	
3.175901	-1.105024	0.000000	0.774359	0.633411	0.000000	-2.525112	0.156316	0.000000	
3.171908	-1.110410	0.000000	0.787375	0.643537	0.000000	-2.533129	0.151447	0.000000	
3.167573	-1.115595	0.000000	0.800282	0.653484	0.000000	-2.540854	0.146601	0.000000	
3.162902	-1.120576	0.000000	0.813083	0.663250	0.000000	-2.548291	0.141776	0.000000	
3.157890	-1.125351	0.000000	0.825783	0.672833	0.000000	-2.555444	0.136975	0.000000	
3.152540	-1.129917	0.000000	0.838384	0.682231	0.000000	-2.562315	0.132196	0.000000	
3.146852	-1.134272	0.000000	0.850890	0.691442	0.000000	-2.568907	0.127441	0.000000	
3.140826	-1.138413	0.000000	0.863304	0.700462	0.000000	-2.575223	0.122709	0.000000	
3.134463	-1.142338	0.000000	0.875629	0.709291	0.000000	-2.581266	0.118001	0.000000	
3.127764	-1.146044	0.000000	0.887869	0.717926	0.000000	-2.587038	0.113317	0.000000	
3.120728	-1.149529	0.000000	0.900025	0.726364	0.000000	-2.592541	0.108657	0.000000	
3.113357	-1.152789	0.000000	0.912101	0.734604	0.000000	-2.597780	0.104022	0.000000	
3.105649	-1.155821	0.000000	0.924099	0.742643	0.000000	-2.602754	0.099411	0.000000	
3.097605	-1.158624	0.000000	0.936023	0.750478	0.000000	-2.607467	0.094824	0.000000	
3.089227	-1.161194	0.000000	0.947874	0.758107	0.000000	-2.611921	0.090263	0.000000	
3.080512	-1.163527	0.000000	0.959656	0.765528	0.000000	-2.616117	0.085726	0.000000	
3.071462	-1.165621	0.000000	0.971370	0.772739	0.000000	-2.620058	0.081214	0.000000	
3.062076	-1.167473	0.000000	0.983019	0.779736	0.000000	-2.623746	0.076727	0.000000	
3.052354	-1.169080	0.000000	0.994606	0.786518	0.000000	-2.627182	0.072266	0.000000	
3.042296	-1.170437	0.000000	1.006132	0.793082	0.000000	-2.630369	0.067830	0.000000	
3.031902	-1.171543	0.000000	1.017601	0.799425	0.000000	-2.633307	0.063419	0.000000	
3.021171	-1.172393	0.000000	1.029013	0.805545	0.000000	-2.635999	0.059033	0.000000	
3.010103	-1.172983	0.000000	1.040372	0.811438	0.000000	-2.638445	0.054672	0.000000	
2.998697	-1.173310	0.000000	1.051680	0.817103	0.000000	-2.640648	0.050337	0.000000	
2.986953	-1.173371	0.000000	1.062939	0.822535	0.000000	-2.642608	0.046028	0.000000	
2.974870	-1.173161	0.000000	1.074150	0.827733	0.000000	-2.644328	0.041743	0.000000	
2.962447	-1.172675	0.000000	1.085316	0.832693	0.000000	-2.645807	0.037485	0.000000	
2.949683	-1.171911	0.000000	1.096439	0.837412	0.000000	-2.647048	0.033251	0.000000	
2.936579	-1.170863	0.000000	1.107521	0.841886	0.000000	-2.648051	0.029043	0.000000	
2.923133	-1.169527	0.000000	1.118564	0.846113	0.000000	-2.648818	0.024860	0.000000	
2.909344	-1.167899	0.000000	1.129570	0.850088	0.000000	-2.649349	0.020703	0.000000	
2.895210	-1.165973	0.000000	1.140541	0.853810	0.000000	-2.649646	0.016571	0.000000	
2.880731	-1.163744	0.000000	1.151479	0.857272	0.000000	-2.649709	0.012464	0.000000	
2.865905	-1.161208	0.000000	1.162386	0.860472	0.000000	-2.649539	0.008382	0.000000	
2.850730	-1.158359	0.000000	1.173264	0.863406	0.000000	-2.649137	0.004325	0.000000	
2.835207	-1.155190	0.000000	1.184115	0.866070	0.000000	-2.648503	0.000294	0.000000	
2.819331	-1.151697	0.000000	1.194941	0.868459	0.000000	-2.647638	-0.003713	0.000000	
2.803102	-1.147873	0.000000	1.205743	0.870569	0.000000	-2.646544	-0.007695	0.000000	
2.786520	-1.143712	0.000000	1.216525	0.872395	0.000000	-2.645219	-0.011652	0.000000	
2.769580	-1.139207	0.000000	1.227287	0.873932	0.000000	-2.643665	-0.015585	0.000000	
2.752281	-1.134351	0.000000	1.238033	0.875175	0.000000	-2.641882	-0.019493	0.000000	
2.734622	-1.129137	0.000000	1.248764	0.876119	0.000000	-2.639871	-0.023376	0.000000	
2.716600	-1.123557	0.000000	1.259481	0.876759	0.000000	-2.637631	-0.027236	0.000000	
2.698212	-1.117603	0.000000	1.270187	0.877087	0.000000	-2.635164	-0.031071	0.000000	
2.679457	-1.111268	0.000000	1.280883	0.877099	0.000000	-2.632469	-0.034882	0.000000	
2.660331	-1.104541	0.000000	1.291576	0.876788	0.000000	-2.629546	-0.038669	0.000000	
2.640832	-1.097414	0.000000	1.302260	0.876147	0.000000	-2.626395	-0.042432	0.000000	
2.620957	-1.089877	0.000000	1.312942	0.875168	0.000000	-2.623018	-0.046172	0.000000	
2.600703	-1.081919	0.000000	1.323623	0.873845	0.000000	-2.619412	-0.049888	0.000000	
2.580066	-1.073530	0.000000	1.334306	0.872169	0.000000	-2.615579	-0.053580	0.000000	
2.559044	-1.064698	0.000000	1.344999	0.870132	0.000000	-2.611517	-0.057250	0.000000	
2.537632	-1.055410	0.000000	1.355695	0.867725	0.000000	-2.607228	-0.060896	0.000000	
2.515828	-1.045656	0.000000	1.366401	0.864938	0.000000	-2.602711	-0.064519	0.000000	
2.493628	-1.035419	0.000000	1.377120	0.861761	0.000000	-2.597965	-0.068120	0.000000	
2.471026	-1.024686	0.000000	1.387852	0.858184	0.000000	-2.592990	-0.071698	0.000000	
2.448020	-1.013440	0.000000	1.398600	0.854195	0.000000	-2.587785	-0.075254	0.000000	
2.424605	-1.001666	0.000000	1.409369	0.849782	0.000000	-2.582351	-0.078788	0.000000	
2.400777	-0.989346	0.000000	1.420159	0.844931	0.000000	-2.576686	-0.082299	0.000000	
2.376530	-0.976460	0.000000	1.430973	0.839629	0.000000	-2.570790	-0.085789	0.000000	
2.351861	-0.962983	0.000000	1.441814	0.833860	0.000000	-2.564661	-0.089258	0.000000	
2.326764	-0.948897	0.000000	1.452686	0.827608	0.000000	-2.558300	-0.092704	0.000000	
2.301233	-0.934178	0.000000	1.463590	0.820856	0.000000	-2.551706	-0.096130	0.000000	
2.275265	-0.918802	0.000000	1.474530	0.813585	0.000000	-2.544876	-0.099535	0.000000	
2.248852	-0.902740	0.000000	1.485508	0.805773	0.000000	-2.537812	-0.102919	0.000000	
2.221991	-0.885962	0.000000	1.496527	0.797398	0.000000	-2.530510	-0.106282	0.000000	
2.194675	-0.868434	0.000000	1.507590	0.788431	0.000000	-2.522971	-0.109625	0.000000	
2.166898	-0.850120	0.000000	1.518699	0.778849	0.000000	-2.515193	-0.112948	0.000000	
2.138655	-0.830980	0.000000	1.529857	0.768621	0.000000	-2.507173	-0.116251	0.000000	
2.109941	-0.810969	0.000000	1.541066	0.757716	0.000000	-2.498912	-0.119535	0.000000	
2.080751	-0.790040	0.000000	1.552329	0.746098	0.000000	-2.490407	-0.122799	0.000000	
2.051078	-0.768137	0.000000	1.563646	0.733725	0.000000	-2.481657	-0.126044	0.000000	
2.020919	-0.745199	0.000000	1.575018	0.720552	0.000000	-2.472660	-0.129269	0.000000	
1.990271	-0.721158	0.000000	1.586447	0.706529	0.000000	-2.463414	-0.132476	0.000000	
1.959131	-0.695937	0.000000	1.597930	0.691597	0.000000	-2.453917	-0.135665	0.000000	
1.927499	-0.669446	0.000000	1.609467	0.675690	0.000000	-2.444167	-0.138834	0.000000	
1.895379	-0.641586	0.000000	1.621050	0.658732	0.000000	-2.434161	-0.141986	0.000000	
1.862774	-0.612238	0.000000	1.632674	0.640637	0.000000	-2.423898	-0.145119	0.000000	
1.829698	-0.581267	0.000000	1.644327	0.621302	0.000000	-2.413374	-0.148234	0.000000	
1.796167	-0.548507	0.000000	1.655992	0.600606	0.000000	-2.402588	-0.151332	0.000000	
1.762213	-0.513772	0.000000	1.667642	0.578407	0.000000	-2.391536	-0.154411	0.000000	
1.727879	-0.476834	0.000000	1.679240	0.554531	0.000000	-2.380215	-0.157472	0.000000	
1.693236	-0.437410	0.000000	1.690731	0.528765	0.000000	-2.368621	-0.160516	0.000000	
1.658388	-0.395153	0.000000	1.702031	0.500853	0.000000	-2.356752	-0.163541	0.000000	
1.623499	-0.349623	0.000000	1.713013	0.470464	0.000000	-2.344604	-0.166548	0.000000	
1.588824	-0.300257	0.000000	1.723481	0.437175	0.000000	-2.332173	-0.169536	0.000000	
1.554783	-0.246317	0.000000	1.733112	0.400431	0.000000	-2.319455	-0.172505	0.000000	
1.522090	-0.186818	0.000000	1.741369	0.359494	0.000000	-2.306447	-0.175455	0.000000	
1.491994	-0.120441	0.000000	1.747312	0.313372	0.000000	-2.293143	-0.178383	0.000000	
1.466874	-0.045494	0.000000	1.749146	0.260796	0.000000	-2.279541	-0.181290	0.000000	
1.451439	0.039698	0.000000	1.743338	0.200508	0.000000	-2.265634	-0.184175	0.000000	
1.454561	0.134261	0.000000	1.723227	0.133160	0.000000	-2.251420	-0.187035	0.000000	
1.486410	0.227576	0.000000	1.681181	0.066717	0.000000	-2.236896	-0.189869	0.000000	
1.542647	0.301338	0.000000	1.620453	0.014904	0.000000	-2.222056	-0.192676	0.000000	
1.606495	0.351055	0.000000	1.553619	-0.018911	0.000000	-2.206900	-0.195455	0.000000	
1.668276	0.383464	0.000000	1.487931	-0.039779	0.000000	-2.191422	-0.198206	0.000000	
1.725397	0.404778	0.000000	1.425329	-0.052359	0.000000	-2.175618	-0.200929	0.000000	
1.777678	0.418815	0.000000	1.365942	-0.059519	0.000000	-2.159482	-0.203624	0.000000	
1.825538	0.427849	0.000000	1.309447	-0.062961	0.000000	-2.143008	-0.206291	0.000000	
1.869485	0.433283	0.000000	1.255459	-0.063740	0.000000	-2.126188	-0.208929	0.000000	
1.909982	0.436030	0.000000	1.203623	-0.062540	0.000000	-2.109015	-0.211537	0.000000	
1.947412	0.436710	0.000000	1.153636	-0.059826	0.000000	-2.091480	-0.214116	0.000000	
1.982100	0.435758	0.000000	1.105243	-0.055928	0.000000	-2.073576	-0.216663	0.000000	
2.014322	0.433494	0.000000	1.058228	-0.051086	0.000000	-2.055292	-0.219178	0.000000	
2.044305	0.430156	0.000000	1.012398	-0.045481	0.000000	-2.036618	-0.221660	0.000000	
2.072236	0.425929	0.000000	0.967611	-0.039252	0.000000	-2.017543	-0.224107	0.000000	
2.098276	0.420954	0.000000	0.923727	-0.032508	0.000000	-1.998056	-0.226517	0.000000	
2.122566	0.415345	0.000000	0.880625	-0.025337	0.000000	-1.978143	-0.228888	0.000000	
2.145226	0.409195	0.000000	0.838197	-0.017812	0.000000	-1.957792	-0.231218	0.000000	
2.166361	0.402578	0.000000	0.796341	-0.009991	0.000000	-1.936989	-0.233505	0.000000	
2.186064	0.395556	0.000000	0.754976	-0.001926	0.000000	-1.915718	-0.235745	0.000000	
2.204416	0.388183	0.000000	0.714018	0.006340	0.000000	-1.893964	-0.237935	0.000000	
2.221489	0.380503	0.000000	0.673393	0.014771	0.000000	-1.871707	-0.240071	0.000000	
2.237347	0.372552	0.000000	0.633028	0.023332	0.000000	-1.848931	-0.242149	0.000000	
2.252049	0.364363	0.000000	0.592854	0.031993	0.000000	-1.825613	-0.244165	0.000000	
2.265648	0.355962	0.000000	0.552805	0.040728	0.000000	-1.801733	-0.246111	0.000000	
2.278189	0.347373	0.000000	0.512815	0.049511	0.000000	-1.777266	-0.247984	0.000000	
2.289716	0.338617	0.000000	0.472820	0.058316	0.000000	-1.752186	-0.249774	0.000000	
2.300267	0.329712	0.000000	0.432756	0.067121	0.000000	-1.726465	-0.251476	0.000000	
2.309878	0.320674	0.000000	0.392557	0.075903	0.000000	-1.700072	-0.253078	0.000000	
2.318581	0.311516	0.000000	0.352155	0.084637	0.000000	-1.672972	-0.254571	0.000000	
2.326406	0.302252	0.000000	0.311480	0.093299	0.000000	-1.645129	-0.255942	0.000000	
2.333382	0.292892	0.000000	0.270459	0.101863	0.000000	-1.616499	-0.257178	0.000000	
2.339532	0.283445	0.000000	0.229016	0.110302	0.000000	-1.587038	-0.258261	0.000000	
2.344879	0.273921	0.000000	0.187069	0.118585	0.000000	-1.556691	-0.259173	0.000000	
2.349446	0.264327	0.000000	0.144528	0.126677	0.000000	-1.525401	-0.259891	0.000000	
2.353253	0.254669	0.000000	0.101294	0.134539	0.000000	-1.493101	-0.260388	0.000000	
2.356318	0.244955	0.000000	0.057257	0.142126	0.000000	-1.459714	-0.260630	0.000000	
2.358658	0.235188	0.000000	0.012294	0.149384	0.000000	-1.425143	-0.260575	0.000000	
2.360287	0.225373	0.000000	-0.033734	0.156248	0.000000	-1.389290	-0.260175	0.000000	
2.361221	0.215515	0.000000	-0.080990	0.162636	0.000000	-1.352039	-0.259370	0.000000	
2.361473	0.205617	0.000000	-0.129664	0.168449	0.000000	-1.313244	-0.258081	0.000000	
2.361054	0.195683	0.000000	-0.179985	0.173555	0.000000	-1.272732	-0.256206	0.000000	
2.359977	0.185714	0.000000	-0.232228	0.177784	0.000000	-1.230288	-0.253608	0.000000	
2.358249	0.175713	0.000000	-0.286737	0.180902	0.000000	-1.185642	-0.250101	0.000000	
2.355881	0.165681	0.000000	-0.343953	0.182579	0.000000	-1.138448	-0.245423	0.000000	
2.352880	0.155620	0.000000	-0.404449	0.182327	0.000000	-1.088253	-0.239185	0.000000	
2.349253	0.145531	0.000000	-0.469006	0.179385	0.000000	-1.034425	-0.230778	0.000000	
2.345004	0.135414	0.000000	-0.538713	0.172469	0.000000	-0.976108	-0.219175	0.000000	
2.340138	0.125269	0.000000	-0.615132	0.159180	0.000000	-0.912051	-0.202456	0.000000	
2.334656	0.115096	0.000000	-0.700334	0.134344	0.000000	-0.840599	-0.176484	0.000000	
2.328558	0.104896	0.000000	-0.794502	0.084911	0.000000	-0.761604	-0.130817	0.000000	
2.321841	0.094667	0.000000	-0.874492	-0.011005	0.000000	-0.693579	-0.047947	0.000000	
2.314498	0.084413	0.000000	-0.901033	-0.123371	0.000000	-0.667939	0.048099	0.000000	
2.306525	0.074138	0.000000	-0.897546	-0.218389	0.000000	-0.665942	0.130279	0.000000	
2.297918	0.063846	0.000000	-0.883210	-0.298626	0.000000	-0.672245	0.200644	0.000000	
2.288677	0.053542	0.000000	-0.864199	-0.368717	0.000000	-0.681908	0.262898	0.000000	
2.278800	0.043230	0.000000	-0.842825	-0.431515	0.000000	-0.693080	0.319325	0.000000	
2.268287	0.032911	0.000000	-0.820124	-0.488786	0.000000	-0.704928	0.371332	0.000000	
2.257136	0.022590	0.000000	-0.796626	-0.541684	0.000000	-0.717033	0.419843	0.000000	
2.245347	0.012267	0.000000	-0.772626	-0.591005	0.000000	-0.729160	0.465495	0.000000	
2.232917	0.001944	0.000000	-0.748290	-0.637332	0.000000	-0.741171	0.508748	0.000000	
2.219847	-0.008377	0.000000	-0.723725	-0.681090	0.000000	-0.752981	0.549945	0.000000	
2.206134	-0.018696	0.000000	-0.698995	-0.722612	0.000000	-0.764536	0.589359	0.000000	
2.191776	-0.029013	0.000000	-0.674143	-0.762161	0.000000	-0.775804	0.627191	0.000000	
2.176770	-0.039327	0.000000	-0.649192	-0.799952	0.000000	-0.786761	0.663611	0.000000	
2.161115	-0.049640	0.000000	-0.624159	-0.836151	0.000000	-0.797394	0.698757	0.000000	
2.144807	-0.059951	0.000000	-0.599051	-0.870902	0.000000	-0.807695	0.732742	0.000000	
2.127843	-0.070262	0.000000	-0.573873	-0.904322	0.000000	-0.817659	0.765664	0.000000	
2.110218	-0.080574	0.000000	-0.548624	-0.936513	0.000000	-0.827283	0.797604	0.000000	
2.091928	-0.090890	0.000000	-0.523303	-0.967561	0.000000	-0.836567	0.828631	0.000000	
2.072969	-0.101210	0.000000	-0.497903	-0.997539	0.000000	-0.845511	0.858805	0.000000	
2.053336	-0.111539	0.000000	-0.472421	-1.026518	0.000000	-0.854116	0.888180	0.000000	
2.033022	-0.121879	0.000000	-0.446849	-1.054546	0.000000	-0.862386	0.916800	0.000000	
2.012022	-0.132234	0.000000	-0.421179	-1.081673	0.000000	-0.870321	0.944708	0.000000	
1.990328	-0.142608	0.000000	-0.395403	-1.107938	0.000000	-0.877925	0.971938	0.000000	
1.967933	-0.153004	0.000000	-0.369513	-1.133378	0.000000	-0.885200	0.998523	0.000000	
1.944830	-0.163430	0.000000	-0.343499	-1.158025	0.000000	-0.892150	1.024495	0.000000	
1.921010	-0.173890	0.000000	-0.317351	-1.181907	0.000000	-0.898776	1.049876	0.000000	
1.896463	-0.184391	0.000000	-0.291059	-1.205046	0.000000	-0.905082	1.074689	0.000000	
1.871180	-0.194941	0.000000	-0.264611	-1.227464	0.000000	-0.911070	1.098953	0.000000	
1.845151	-0.205547	0.000000	-0.237996	-1.249177	0.000000	-0.916744	1.122687	0.000000	
1.818363	-0.216219	0.000000	-0.211202	-1.270200	0.000000	-0.922105	1.145908	0.000000	
1.790805	-0.226967	0.000000	-0.184217	-1.290542	0.000000	-0.927157	1.168631	0.000000	
1.762464	-0.237803	0.000000	-0.157029	-1.310213	0.000000	-0.931902	1.190870	0.000000	
1.733326	-0.248740	0.000000	-0.129625	-1.329219	0.000000	-0.936341	1.212637	0.000000	
1.703377	-0.259792	0.000000	-0.101990	-1.347562	0.000000	-0.940478	1.233942	0.000000	
1.672600	-0.270975	0.000000	-0.074110	-1.365242	0.000000	-0.944314	1.254797	0.000000	
1.640979	-0.282308	0.000000	-0.045970	-1.382259	0.000000	-0.947852	1.275211	0.000000	
1.608495	-0.293811	0.000000	-0.017554	-1.398607	0.000000	-0.951093	1.295191	0.000000	
1.575131	-0.305507	0.000000	0.011155	-1.414277	0.000000	-0.954041	1.314745	0.000000	
1.540866	-0.317422	0.000000	0.040174	-1.429259	0.000000	-0.956695	1.333879	0.000000	
1.505679	-0.329585	0.000000	0.069521	-1.443537	0.000000	-0.959059	1.352600	0.000000	
1.469547	-0.342033	0.000000	0.099214	-1.457094	0.000000	-0.961134	1.370912	0.000000	
1.432447	-0.354802	0.000000	0.129275	-1.469905	0.000000	-0.962921	1.388821	0.000000	
1.394355	-0.367935	0.000000	0.159723	-1.481943	0.000000	-0.964423	1.406331	0.000000	
1.355244	-0.381481	0.000000	0.190580	-1.493176	0.000000	-0.965640	1.423443	0.000000	
1.315089	-0.395498	0.000000	0.221868	-1.503563	0.000000	-0.966576	1.440161	0.000000	
1.273862	-0.410051	0.000000	0.253609	-1.513059	0.000000	-0.967230	1.456489	0.000000	
1.231538	-0.425216	0.000000	0.285826	-1.521610	0.000000	-0.967606	1.472426	0.000000	
1.188089	-0.441081	0.000000	0.318539	-1.529150	0.000000	-0.967705	1.487975	0.000000	
1.143491	-0.457747	0.000000	0.351770	-1.535605	0.000000	-0.967529	1.503137	0.000000	
1.097724	-0.475337	0.000000	0.385537	-1.540876	0.000000	-0.967079	1.517912	0.000000	
1.050770	-0.493984	0.000000	0.419853	-1.544868	0.000000	-0.966358	1.532301	0.000000	
1.002622	-0.513852	0.000000	0.454728	-1.547462	0.000000	-0.965369	1.546303	0.000000	
0.953286	-0.535129	0.000000	0.490160	-1.548516	0.000000	-0.964114	1.559918	0.000000	
0.902790	-0.558035	0.000000	0.526130	-1.547864	0.000000	-0.962596	1.573145	0.000000	
0.851188	-0.582829	0.000000	0.562604	-1.545314	0.000000	-0.960818	1.585983	0.000000	
0.798574	-0.609798	0.000000	0.599517	-1.540644	0.000000	-0.958782	1.598432	0.000000	
0.745098	-0.639274	0.000000	0.636760	-1.533608	0.000000	-0.956494	1.610490	0.000000	
0.690992	-0.671624	0.000000	0.674168	-1.523928	0.000000	-0.953958	1.622156	0.000000	
0.636579	-0.707229	0.000000	0.711503	-1.511317	0.000000	-0.951178	1.633430	0.000000	
0.582312	-0.746466	0.000000	0.748428	-1.495492	0.000000	-0.948159	1.644310	0.000000	
0.528789	-0.789661	0.000000	0.784504	-1.476201	0.000000	-0.944907	1.654798	0.000000	
0.476748	-0.837026	0.000000	0.819183	-1.453289	0.000000	-0.941427	1.664893	0.000000	
0.427040	-0.888574	0.000000	0.851837	-1.426756	0.000000	-0.937726	1.674597	0.000000	
0.380544	-0.944070	0.000000	0.881812	-1.396779	0.000000	-0.933809	1.683911	0.000000	
0.338059	-1.003001	0.000000	0.908517	-1.363741	0.000000	-0.929683	1.692839	0.000000	
0.300180	-1.064617	0.000000	0.931513	-1.328206	0.000000	-0.925353	1.701384	0.000000	
0.267227	-1.128034	0.000000	0.950567	-1.290845	0.000000	-0.920824	1.709549	0.000000	
0.239225	-1.192351	0.000000	0.965665	-1.252343	0.000000	-0.916101	1.717338	0.000000	
0.215955	-1.256776	0.000000	0.976974	-1.213295	0.000000	-0.911187	1.724755	0.000000	
0.197035	-1.320658	0.000000	0.984783	-1.174195	0.000000	-0.906085	1.731804	0.000000	
0.182004	-1.383510	0.000000	0.989446	-1.135406	0.000000	-0.900797	1.738489	0.000000	
0.170380	-1.445005	0.000000	0.991325	-1.097180	0.000000	-0.895325	1.744812	0.000000	
0.161703	-1.504944	0.000000	0.990764	-1.059673	0.000000	-0.889671	1.750777	0.000000	
0.155555	-1.563216	0.000000	0.988076	-1.022970	0.000000	-0.883834	1.756385	0.000000	
0.151571	-1.619776	0.000000	0.983541	-0.987110	0.000000	-0.877816	1.761639	0.000000	
0.149433	-1.674624	0.000000	0.977394	-0.952096	0.000000	-0.871615	1.766539	0.000000	
0.148872	-1.727789	0.000000	0.969835	-0.917903	0.000000	-0.865231	1.771086	0.000000	
0.149657	-1.779320	0.000000	0.961035	-0.884496	0.000000	-0.858664	1.775281	0.000000	
0.151596	-1.829273	0.000000	0.951139	-0.851830	0.000000	-0.851911	1.779123	0.000000	
0.154524	-1.877714	0.000000	0.940267	-0.819857	0.000000	-0.844973	1.782612	0.000000	
0.158302	-1.924707	0.000000	0.928523	-0.788526	0.000000	-0.837846	1.785746	0.000000	
0.162812	-1.970317	0.000000	0.915991	-0.757781	0.000000	-0.830529	1.788523	0.000000	
0.167954	-2.014613	0.000000	0.902745	-0.727577	0.000000	-0.823021	1.790942	0.000000	
0.173642	-2.057659	0.000000	0.888847	-0.697865	0.000000	-0.815318	1.793000	0.000000	
0.179801	-2.099505	0.000000	0.874354	-0.668597	0.000000	-0.807419	1.794693	0.000000	
0.186368	-2.140207	0.000000	0.859307	-0.639729	0.000000	-0.799320	1.796020	0.000000	
0.193289	-2.179816	0.000000	0.843741	-0.611216	0.000000	-0.791019	1.796974	0.000000	
0.200516	-2.218379	0.000000	0.827690	-0.583016	0.000000	-0.782513	1.797553	0.000000	
0.208007	-2.255945	0.000000	0.811179	-0.555089	0.000000	-0.773798	1.797751	0.000000	
0.215727	-2.292554	0.000000	0.794232	-0.527396	0.000000	-0.764871	1.797562	0.000000	
0.223643	-2.328248	0.000000	0.776868	-0.499899	0.000000	-0.755729	1.796980	0.000000	
0.231728	-2.363063	0.000000	0.759103	-0.472563	0.000000	-0.746367	1.796000	0.000000	
0.239955	-2.397035	0.000000	0.740950	-0.445352	0.000000	-0.736781	1.794614	0.000000	
0.248305	-2.430196	0.000000	0.722420	-0.418230	0.000000	-0.726967	1.792814	0.000000	
0.256759	-2.462578	0.000000	0.703521	-0.391166	0.000000	-0.716919	1.790592	0.000000	
0.265298	-2.494210	0.000000	0.684260	-0.364124	0.000000	-0.706635	1.787938	0.000000	
0.273909	-2.525119	0.000000	0.664642	-0.337072	0.000000	-0.696107	1.784843	0.000000	
0.282576	-2.555331	0.000000	0.644671	-0.309978	0.000000	-0.685330	1.781294	0.000000	
0.291290	-2.584869	0.000000	0.624346	-0.282807	0.000000	-0.674298	1.777280	0.000000	
0.300037	-2.613757	0.000000	0.603670	-0.255528	0.000000	-0.663006	1.772789	0.000000	
0.308810	-2.642016	0.000000	0.582640	-0.228103	0.000000	-0.651445	1.767807	0.000000	
0.317599	-2.669667	0.000000	0.561255	-0.200501	0.000000	-0.639610	1.762317	0.000000	
0.326396	-2.696728	0.000000	0.539509	-0.172687	0.000000	-0.627491	1.756303	0.000000	
0.335193	-2.723218	0.000000	0.517398	-0.144622	0.000000	-0.615081	1.749746	0.000000	
0.343987	-2.749155	0.000000	0.494915	-0.116270	0.000000	-0.602372	1.742628	0.000000	
0.352770	-2.774554	0.000000	0.472050	-0.087590	0.000000	-0.589352	1.734925	0.000000	
0.361537	-2.799431	0.000000	0.448797	-0.058539	0.000000	-0.576012	1.726613	0.000000	
0.370284	-2.823801	0.000000	0.425144	-0.029074	0.000000	-0.562340	1.717664	0.000000	
0.379007	-2.847677	0.000000	0.401081	0.000855	0.000000	-0.548325	1.708050	0.000000	
0.387701	-2.871074	0.000000	0.376592	0.031298	0.000000	-0.533953	1.697735	0.000000	
0.396364	-2.894004	0.000000	0.351661	0.062313	0.000000	-0.519209	1.686684	0.000000	
0.404993	-2.916479	0.000000	0.326273	0.093962	0.000000	-0.504077	1.674852	0.000000	
0.413584	-2.938511	0.000000	0.300406	0.126313	0.000000	-0.488538	1.662194	0.000000	
0.422135	-2.960111	0.000000	0.274037	0.159443	0.000000	-0.472574	1.648654	0.000000	
0.430645	-2.981289	0.000000	0.247143	0.193437	0.000000	-0.456163	1.634169	0.000000	
0.439111	-3.002056	0.000000	0.219693	0.228395	0.000000	-0.439283	1.618667	0.000000	
0.447532	-3.022420	0.000000	0.191657	0.264429	0.000000	-0.421905	1.602063	0.000000	
0.455906	-3.042392	0.000000	0.162997	0.301672	0.000000	-0.404001	1.584245	0.000000	
0.464232	-3.061980	0.000000	0.133671	0.340279	0.000000	-0.385535	1.565106	0.000000	
0.472509	-3.081193	0.000000	0.103632	0.380442	0.000000	-0.366469	1.544499	0.000000	
0.480735	-3.100038	0.000000	0.072824	0.422387	0.000000	-0.346759	1.522245	0.000000	
0.488910	-3.118524	0.000000	0.041185	0.466406	0.000000	-0.326353	1.498119	0.000000	
0.497034	-3.136658	0.000000	0.008642	0.512867	0.000000	-0.305194	1.471828	0.000000	
0.505105	-3.154446	0.000000	-0.024886	0.562266	0.000000	-0.283216	1.442984	0.000000	
0.513124	-3.171896	0.000000	-0.059488	0.615278	0.000000	-0.260343	1.411044	0.000000	
0.521090	-3.189013	0.000000	-0.095254	0.672891	0.000000	-0.236510	1.375222	0.000000	
0.529003	-3.205805	0.000000	-0.132234	0.736642	0.000000	-0.211674	1.334296	0.000000	
0.536863	-3.222277	0.000000	-0.170309	0.809182	0.000000	-0.185930	1.286147	0.000000	
0.544671	-3.238434	0.000000	-0.208579	0.895851	0.000000	-0.159998	1.226505	0.000000	
0.552426	-3.254281	0.000000	-0.240877	1.010267	0.000000	-0.138812	1.144480	0.000000	
0.560128	-3.269823	0.000000	-0.220357	1.161381	0.000000	-0.159849	1.032912	0.000000	
0.567779	-3.285061	0.000000	-0.151993	1.263283	0.000000	-0.219131	0.960533	0.000000	
0.575378	-3.300001	0.000000	-0.087812	1.332308	0.000000	-0.275035	0.914275	0.000000	
0.582924	-3.314642	0.000000	-0.029652	1.386906	0.000000	-0.326090	0.879381	0.000000	
0.590416	-3.328989	0.000000	0.023811	1.433175	0.000000	-0.373355	0.850973	0.000000	
0.597853	-3.343044	0.000000	0.073580	1.473868	0.000000	-0.417632	0.826850	0.000000	
0.605236	-3.356810	0.000000	0.120349	1.510490	0.000000	-0.459477	0.805811	0.000000	
0.612562	-3.370290	0.000000	0.164613	1.543962	0.000000	-0.499285	0.787123	0.000000	
0.619833	-3.383487	0.000000	0.206737	1.574896	0.000000	-0.537348	0.770292	0.000000	
0.627046	-3.396404	0.000000	0.246999	1.603720	0.000000	-0.573886	0.754979	0.000000	
0.634201	-3.409043	0.000000	0.285615	1.630755	0.000000	-0.609073	0.740931	0.000000	
0.641299	-3.421408	0.000000	0.322763	1.656240	0.000000	-0.643048	0.727958	0.000000	
0.648337	-3.433501	0.000000	0.358582	1.680366	0.000000	-0.675926	0.715910	0.000000	
0.655317	-3.445326	0.000000	0.393193	1.703295	0.000000	-0.707801	0.704667	0.000000	
0.662237	-3.456882	0.000000	0.426694	1.725138	0.000000	-0.738752	0.694133	0.000000	
0.669096	-3.468177	0.000000	0.459171	1.745997	0.000000	-0.768848	0.684225	0.000000	
0.675896	-3.479210	0.000000	0.490697	1.765957	0.000000	-0.798147	0.674877	0.000000	
0.682634	-3.489985	0.000000	0.521337	1.785092	0.000000	-0.826700	0.666034	0.000000	
0.689312	-3.500503	0.000000	0.551144	1.803462	0.000000	-0.854552	0.657649	0.000000	
0.695928	-3.510768	0.000000	0.580169	1.821122	0.000000	-0.881740	0.649680	0.000000	
0.702482	-3.520782	0.000000	0.608456	1.838118	0.000000	-0.908301	0.642091	0.000000	
0.708974	-3.530546	0.000000	0.636045	1.854493	0.000000	-0.934272	0.634851	0.000000	
0.715404	-3.540064	0.000000	0.662969	1.870282	0.000000	-0.959674	0.627930	0.000000	
0.721771	-3.549337	0.000000	0.689262	1.885517	0.000000	-0.984534	0.621306	0.000000	
0.728076	-3.558368	0.000000	0.714955	1.900230	0.000000	-1.008873	0.614954	0.000000	
0.734318	-3.567158	0.000000	0.740074	1.914444	0.000000	-1.032712	0.608857	0.000000	
0.740496	-3.575711	0.000000	0.764639	1.928185	0.000000	-1.056072	0.602996	0.000000	
0.746612	-3.584027	0.000000	0.788673	1.941473	0.000000	-1.078968	0.597355	0.000000	
0.752664	-3.592109	0.000000	0.812196	1.954328	0.000000	-1.101418	0.591920	0.000000	
0.758652	-3.599959	0.000000	0.835227	1.966768	0.000000	-1.123435	0.586678	0.000000	
0.764577	-3.607578	0.000000	0.857783	1.978809	0.000000	-1.145035	0.581617	0.000000	
0.770437	-3.614969	0.000000	0.879880	1.990466	0.000000	-1.166229	0.576725	0.000000	
0.776234	-3.622133	0.000000	0.901532	2.001754	0.000000	-1.187029	0.571994	0.000000	
0.781967	-3.629072	0.000000	0.922754	2.012685	0.000000	-1.207446	0.567412	0.000000	
0.787636	-3.635787	0.000000	0.943559	2.023270	0.000000	-1.227491	0.562973	0.000000	
0.793241	-3.642281	0.000000	0.963958	2.033522	0.000000	-1.247173	0.558668	0.000000	
0.798781	-3.648554	0.000000	0.983963	2.043450	0.000000	-1.266501	0.554489	0.000000	
0.804257	-3.654609	0.000000	1.003584	2.053064	0.000000	-1.285483	0.550431	0.000000	
0.809668	-3.660447	0.000000	1.022832	2.062372	0.000000	-1.304128	0.546486	0.000000	
0.815015	-3.666068	0.000000	1.041716	2.071384	0.000000	-1.322443	0.542650	0.000000	
0.820297	-3.671476	0.000000	1.060244	2.080107	0.000000	-1.340435	0.538916	0.000000	
0.825515	-3.676670	0.000000	1.078425	2.088548	0.000000	-1.358111	0.535279	0.000000	
0.830668	-3.681653	0.000000	1.096267	2.096715	0.000000	-1.375476	0.531736	0.000000	
0.835756	-3.686425	0.000000	1.113778	2.104613	0.000000	-1.392537	0.528280	0.000000	
0.840780	-3.690988	0.000000	1.130963	2.112250	0.000000	-1.409299	0.524909	0.000000	
0.845739	-3.695344	0.000000	1.147831	2.119630	0.000000	-1.425769	0.521618	0.000000	
0.850632	-3.699493	0.000000	1.164387	2.126760	0.000000	-1.441950	0.518403	0.000000	
0.855461	-3.703437	0.000000	1.180638	2.133645	0.000000	-1.457848	0.515261	0.000000	
0.860225	-3.707176	0.000000	1.196588	2.140290	0.000000	-1.473467	0.512189	0.000000	
0.864924	-3.710712	0.000000	1.212245	2.146699	0.000000	-1.488811	0.509183	0.000000	
0.869559	-3.714047	0.000000	1.227613	2.152877	0.000000	-1.503886	0.506242	0.000000	
0.874128	-3.717180	0.000000	1.242696	2.158827	0.000000	-1.518694	0.503361	0.000000	
0.878632	-3.720112	0.000000	1.257500	2.164555	0.000000	-1.533240	0.500538	0.000000	
0.883071	-3.722846	0.000000	1.272030	2.170064	0.000000	-1.547527	0.497772	0.000000	
0.887445	-3.725381	0.000000	1.286288	2.175357	0.000000	-1.561558	0.495059	0.000000	
0.891753	-3.727720	0.000000	1.300281	2.180438	0.000000	-1.575337	0.492397	0.000000	
0.895997	-3.729861	0.000000	1.314011	2.185310	0.000000	-1.588867	0.489784	0.000000	
0.900175	-3.731808	0.000000	1.327482	2.189977	0.000000	-1.602150	0.487218	0.000000	
0.904288	-3.733560	0.000000	1.340698	2.194441	0.000000	-1.615191	0.484698	0.000000	
0.908336	-3.735117	0.000000	1.353662	2.198705	0.000000	-1.627991	0.482220	0.000000	
0.912318	-3.736482	0.000000	1.366379	2.202774	0.000000	-1.640553	0.479785	0.000000	
0.916235	-3.737654	0.000000	1.378850	2.206647	0.000000	-1.652880	0.477389	0.000000	
0.920087	-3.738634	0.000000	1.391079	2.210329	0.000000	-1.664974	0.475032	0.000000	
0.923873	-3.739424	0.000000	1.403068	2.213822	0.000000	-1.676838	0.472711	0.000000	
0.927594	-3.740023	0.000000	1.414822	2.217128	0.000000	-1.688473	0.470426	0.000000	
0.931249	-3.740432	0.000000	1.426342	2.220248	0.000000	-1.699882	0.468175	0.000000	
0.934839	-3.740652	0.000000	1.437631	2.223186	0.000000	-1.711066	0.465957	0.000000	
0.938362	-3.740684	0.000000	1.448691	2.225944	0.000000	-1.722029	0.463770	0.000000	
0.941821	-3.740528	0.000000	1.459525	2.228523	0.000000	-1.732771	0.461613	0.000000	
0.945213	-3.740184	0.000000	1.470135	2.230924	0.000000	-1.743295	0.459485	0.000000	
0.948540	-3.739653	0.000000	1.480524	2.233151	0.000000	-1.753601	0.457385	0.000000	
0.951801	-3.738935	0.000000	1.490693	2.235206	0.000000	-1.763693	0.455311	0.000000	
0.954996	-3.738032	0.000000	1.500644	2.237087	0.000000	-1.773571	0.453264	0.000000	
0.958125	-3.736944	0.000000	1.510380	2.238799	0.000000	-1.783237	0.451241	0.000000	
0.961187	-3.735670	0.000000	1.519902	2.240342	0.000000	-1.792692	0.449242	0.000000	
0.964184	-3.734211	0.000000	1.529212	2.241719	0.000000	-1.801937	0.447266	0.000000	
0.967114	-3.732568	0.000000	1.538311	2.242929	0.000000	-1.810976	0.445311	0.000000	
0.969978	-3.730741	0.000000	1.547202	2.243975	0.000000	-1.819807	0.443378	0.000000	
0.972776	-3.728729	0.000000	1.555887	2.244859	0.000000	-1.828433	0.441465	0.000000	
0.975507	-3.726535	0.000000	1.564365	2.245579	0.000000	-1.836854	0.439572	0.000000	
0.978172	-3.724157	0.000000	1.572640	2.246140	0.000000	-1.845073	0.437697	0.000000	
0.980770	-3.721597	0.000000	1.580712	2.246542	0.000000	-1.853089	0.435840	0.000000	
0.983301	-3.718854	0.000000	1.588583	2.246783	0.000000	-1.860904	0.434001	0.000000	
0.985765	-3.715929	0.000000	1.596254	2.246868	0.000000	-1.868520	0.432178	0.000000	
0.988163	-3.712821	0.000000	1.603727	2.246796	0.000000	-1.875936	0.430371	0.000000	
0.990493	-3.709531	0.000000	1.611001	2.246569	0.000000	-1.883155	0.428579	0.000000	
0.992756	-3.706060	0.000000	1.618079	2.246187	0.000000	-1.890175	0.426802	0.000000	
0.994951	-3.702406	0.000000	1.624962	2.245651	0.000000	-1.896998	0.425038	0.000000	
0.997079	-3.698571	0.000000	1.631650	2.244962	0.000000	-1.903626	0.423288	0.000000	
0.999140	-3.694554	0.000000	1.638145	2.244121	0.000000	-1.910058	0.421551	0.000000	
1.001133	-3.690356	0.000000	1.644448	2.243128	0.000000	-1.916296	0.419827	0.000000	
1.003058	-3.685976	0.000000	1.650560	2.241984	0.000000	-1.922340	0.418114	0.000000	
1.004914	-3.681414	0.000000	1.656480	2.240691	0.000000	-1.928190	0.416412	0.000000	
1.006703	-3.676672	0.000000	1.662211	2.239247	0.000000	-1.933848	0.414721	0.000000	
1.008423	-3.671747	0.000000	1.667753	2.237654	0.000000	-1.939314	0.413040	0.000000	
1.010075	-3.666641	0.000000	1.673106	2.235914	0.000000	-1.944587	0.411368	0.000000	
1.011658	-3.661354	0.000000	1.678272	2.234026	0.000000	-1.949669	0.409707	0.000000	
1.013172	-3.655884	0.000000	1.683251	2.231990	0.000000	-1.954561	0.408053	0.000000	
1.014617	-3.650232	0.000000	1.688043	2.229808	0.000000	-1.959261	0.406409	0.000000	
1.015993	-3.644400	0.000000	1.692649	2.227479	0.000000	-1.963772	0.404772	0.000000	
1.017299	-3.638384	0.000000	1.697070	2.225003	0.000000	-1.968093	0.403143	0.000000	
1.018536	-3.632186	0.000000	1.701307	2.222383	0.000000	-1.972223	0.401521	0.000000	
1.019702	-3.625806	0.000000	1.705359	2.219617	0.000000	-1.976165	0.399905	0.000000	
1.020798	-3.619243	0.000000	1.709226	2.216706	0.000000	-1.979917	0.398296	0.000000	
1.021825	-3.612497	0.000000	1.712911	2.213651	0.000000	-1.983480	0.396693	0.000000	
1.022781	-3.605567	0.000000	1.716412	2.210451	0.000000	-1.986855	0.395096	0.000000	
1.023666	-3.598454	0.000000	1.719730	2.207107	0.000000	-1.990040	0.393503	0.000000	
1.024480	-3.591157	0.000000	1.722866	2.203618	0.000000	-1.993037	0.391916	0.000000	
1.025222	-3.583676	0.000000	1.725819	2.199986	0.000000	-1.995845	0.390333	0.000000	
1.025893	-3.576011	0.000000	1.728590	2.196210	0.000000	-1.998464	0.388754	0.000000	
1.026493	-3.568160	0.000000	1.731179	2.192291	0.000000	-2.000895	0.387179	0.000000	
1.027020	-3.560124	0.000000	1.733587	2.188228	0.000000	-2.003137	0.385608	0.000000	
1.027475	-3.551903	0.000000	1.735812	2.184022	0.000000	-2.005190	0.384040	0.000000	
1.027857	-3.543495	0.000000	1.737856	2.179673	0.000000	-2.007055	0.382475	0.000000	
1.028167	-3.534900	0.000000	1.739718	2.175180	0.000000	-2.008730	0.380912	0.000000	
1.028403	-3.526118	0.000000	1.741399	2.170544	0.000000	-2.010216	0.379352	0.000000	
1.028565	-3.517148	0.000000	1.742898	2.165764	0.000000	-2.011513	0.377793	0.000000	
1.028654	-3.507990	0.000000	1.744215	2.160841	0.000000	-2.012620	0.376237	0.000000	
1.028668	-3.498642	0.000000	1.745350	2.155775	0.000000	-2.013537	0.374681	0.000000	
1.028608	-3.489105	0.000000	1.746304	2.150565	0.000000	-2.014263	0.373128	0.000000	
1.028473	-3.479378	0.000000	1.747076	2.145211	0.000000	-2.014799	0.371575	0.000000	
1.028262	-3.469460	0.000000	1.747665	2.139713	0.000000	-2.015145	0.370022	0.000000	
1.027976	-3.459350	0.000000	1.748072	2.134071	0.000000	-2.015298	0.368470	0.000000	
1.027614	-3.449048	0.000000	1.748296	2.128285	0.000000	-2.015260	0.366917	0.000000	
1.027175	-3.438553	0.000000	1.748337	2.122354	0.000000	-2.015030	0.365364	0.000000	
1.026659	-3.427864	0.000000	1.748195	2.116278	0.000000	-2.014606	0.363811	0.000000	
1.026066	-3.416980	0.000000	1.747869	2.110057	0.000000	-2.013990	0.362259	0.000000	
1.025396	-3.405901	0.000000	1.747360	2.103690	0.000000	-2.013180	0.360704	0.000000	
1.024647	-3.394625	0.000000	1.746665	2.097178	0.000000	-2.012175	0.359148	0.000000	
1.023820	-3.383151	0.000000	1.745786	2.090520	0.000000	-2.010975	0.357591	0.000000	
1.022913	-3.371479	0.000000	1.744721	2.083715	0.000000	-2.009579	0.356032	0.000000	
1.021927	-3.359607	0.000000	1.743470	2.076762	0.000000	-2.007987	0.354471	0.000000	
1.020861	-3.347536	0.000000	1.742033	2.069662	0.000000	-2.006197	0.352908	0.000000	
1.019714	-3.335263	0.000000	1.740409	2.062414	0.000000	-2.004210	0.351343	0.000000	
1.018487	-3.322788	0.000000	1.738596	2.055017	0.000000	-2.002023	0.349775	0.000000	
1.017177	-3.310108	0.000000	1.736596	2.047472	0.000000	-1.999636	0.348204	0.000000	
1.015785	-3.297224	0.000000	1.734405	2.039776	0.000000	-1.997049	0.346630	0.000000	
1.014311	-3.284134	0.000000	1.732025	2.031929	0.000000	-1.994260	0.345053	0.000000	
1.012753	-3.270836	0.000000	1.729455	2.023932	0.000000	-1.991268	0.343472	0.000000	
1.011111	-3.257329	0.000000	1.726692	2.015783	0.000000	-1.988073	0.341888	0.000000	
1.009385	-3.243613	0.000000	1.723737	2.007482	0.000000	-1.984673	0.340299	0.000000	
1.007574	-3.229685	0.000000	1.720588	1.999027	0.000000	-1.981067	0.338706	0.000000	
1.005676	-3.215544	0.000000	1.717245	1.990418	0.000000	-1.977254	0.337108	0.000000	
1.003692	-3.201189	0.000000	1.713706	1.981654	0.000000	-1.973232	0.335506	0.000000	
1.001621	-3.186618	0.000000	1.709970	1.972735	0.000000	-1.969001	0.333899	0.000000	
0.999462	-3.171829	0.000000	1.706036	1.963658	0.000000	-1.964559	0.332287	0.000000	
0.997214	-3.156821	0.000000	1.701904	1.954424	0.000000	-1.959904	0.330669	0.000000	
0.994877	-3.141592	0.000000	1.697572	1.945032	0.000000	-1.955035	0.329046	0.000000	
0.992449	-3.126140	0.000000	1.693038	1.935479	0.000000	-1.949952	0.327417	0.000000	
0.989930	-3.110464	0.000000	1.688301	1.925766	0.000000	-1.944651	0.325782	0.000000	
0.987320	-3.094562	0.000000	1.683360	1.915891	0.000000	-1.939132	0.324141	0.000000	
0.984617	-3.078431	0.000000	1.678213	1.905852	0.000000	-1.933393	0.322493	0.000000	
0.981820	-3.062070	0.000000	1.672860	1.895650	0.000000	-1.927431	0.320838	0.000000	
0.978928	-3.045476	0.000000	1.667297	1.885281	0.000000	-1.921246	0.319177	0.000000	
0.975942	-3.028648	0.000000	1.661524	1.874746	0.000000	-1.914835	0.317508	0.000000	
0.972858	-3.011582	0.000000	1.655539	1.864043	0.000000	-1.908197	0.315831	0.000000	
0.969678	-2.994277	0.000000	1.649339	1.853170	0.000000	-1.901329	0.314147	0.000000	
0.966399	-2.976732	0.000000	1.642924	1.842126	0.000000	-1.894230	0.312455	0.000000	
0.963020	-2.958942	0.000000	1.636292	1.830909	0.000000	-1.886896	0.310755	0.000000	
0.959541	-2.940906	0.000000	1.629439	1.819517	0.000000	-1.879327	0.309047	0.000000	
0.955960	-2.922621	0.000000	1.622365	1.807949	0.000000	-1.871519	0.307330	0.000000	
0.952277	-2.904083	0.000000	1.615066	1.796204	0.000000	-1.863470	0.305604	0.000000	
0.948489	-2.885292	0.000000	1.607541	1.784279	0.000000	-1.855178	0.303869	0.000000	
0.944596	-2.866242	0.000000	1.599788	1.772173	0.000000	-1.846639	0.302124	0.000000	
0.940597	-2.846932	0.000000	1.591803	1.759883	0.000000	-1.837851	0.300370	0.000000	
0.936489	-2.827359	0.000000	1.583585	1.747408	0.000000	-1.828812	0.298606	0.000000	
0.932272	-2.807518	0.000000	1.575130	1.734745	0.000000	-1.819518	0.296831	0.000000	
0.927945	-2.787406	0.000000	1.566436	1.721892	0.000000	-1.809966	0.295047	0.000000	
0.923505	-2.767020	0.000000	1.557500	1.708848	0.000000	-1.800154	0.293251	0.000000	
0.918951	-2.746358	0.000000	1.548319	1.695608	0.000000	-1.790076	0.291444	0.000000	
0.914283	-2.725413	0.000000	1.538890	1.682172	0.000000	-1.779732	0.289627	0.000000	
0.909497	-2.704184	0.000000	1.529209	1.668536	0.000000	-1.769116	0.287797	0.000000	
0.904592	-2.682664	0.000000	1.519274	1.654698	0.000000	-1.758225	0.285956	0.000000	
0.899567	-2.660851	0.000000	1.509080	1.640655	0.000000	-1.747055	0.284102	0.000000	
0.894419	-2.638741	0.000000	1.498624	1.626405	0.000000	-1.735602	0.282237	0.000000	
0.889148	-2.616327	0.000000	1.487903	1.611943	0.000000	-1.723861	0.280358	0.000000	
0.883750	-2.593606	0.000000	1.476911	1.597267	0.000000	-1.711829	0.278466	0.000000	
0.878224	-2.570573	0.000000	1.465645	1.582373	0.000000	-1.699500	0.276561	0.000000	
0.872568	-2.547221	0.000000	1.454100	1.567259	0.000000	-1.686870	0.274642	0.000000	
0.866779	-2.523547	0.000000	1.442272	1.551920	0.000000	-1.673934	0.272708	0.000000	
0.860855	-2.499544	0.000000	1.430156	1.536353	0.000000	-1.660687	0.270761	0.000000	
0.854793	-2.475207	0.000000	1.417746	1.520553	0.000000	-1.647122	0.268798	0.000000	
0.848592	-2.450529	0.000000	1.405038	1.504515	0.000000	-1.633235	0.266820	0.000000	
0.842248	-2.425503	0.000000	1.392025	1.488238	0.000000	-1.619018	0.264827	0.000000	
0.835758	-2.400124	0.000000	1.378703	1.471715	0.000000	-1.604467	0.262818	0.000000	
0.829119	-2.374383	0.000000	1.365064	1.454942	0.000000	-1.589573	0.260792	0.000000	
0.822330	-2.348274	0.000000	1.351103	1.437913	0.000000	-1.574330	0.258749	0.000000	
0.815386	-2.321789	0.000000	1.336812	1.420624	0.000000	-1.558731	0.256690	0.000000	
0.808284	-2.294919	0.000000	1.322185	1.403068	0.000000	-1.542768	0.254612	0.000000	
0.801021	-2.267656	0.000000	1.307214	1.385240	0.000000	-1.526432	0.252517	0.000000	
0.793592	-2.239991	0.000000	1.291890	1.367134	0.000000	-1.509716	0.250403	0.000000	
0.785994	-2.211914	0.000000	1.276205	1.348743	0.000000	-1.492610	0.248269	0.000000	
0.778223	-2.183415	0.000000	1.260150	1.330059	0.000000	-1.475103	0.246117	0.000000	
0.770274	-2.154484	0.000000	1.243716	1.311077	0.000000	-1.457187	0.243944	0.000000	
0.762144	-2.125109	0.000000	1.226893	1.291787	0.000000	-1.438849	0.241750	0.000000	
0.753826	-2.095278	0.000000	1.209670	1.272183	0.000000	-1.420080	0.239536	0.000000	
0.745317	-2.064977	0.000000	1.192035	1.252254	0.000000	-1.400866	0.237299	0.000000	
0.736609	-2.034196	0.000000	1.173976	1.231991	0.000000	-1.381194	0.235041	0.000000	
0.727699	-2.002919	0.000000	1.155480	1.211386	0.000000	-1.361052	0.232759	0.000000	
0.718578	-1.971131	0.000000	1.136534	1.190426	0.000000	-1.340422	0.230454	0.000000	
0.709242	-1.938816	0.000000	1.117121	1.169101	0.000000	-1.319291	0.228124	0.000000	
0.699683	-1.905955	0.000000	1.097228	1.147398	0.000000	-1.297640	0.225769	0.000000	
0.689893	-1.872531	0.000000	1.076835	1.125306	0.000000	-1.275452	0.223389	0.000000	
0.679865	-1.838523	0.000000	1.055924	1.102808	0.000000	-1.252707	0.220983	0.000000	
0.669589	-1.803910	0.000000	1.034476	1.079890	0.000000	-1.229382	0.218549	0.000000	
0.659057	-1.768669	0.000000	1.012468	1.056537	0.000000	-1.205456	0.216088	0.000000	
0.648258	-1.732775	0.000000	0.989873	1.032728	0.000000	-1.180904	0.213598	0.000000	
0.637182	-1.696200	0.000000	0.966666	1.008446	0.000000	-1.155696	0.211078	0.000000	
0.625816	-1.658915	0.000000	0.942819	0.983670	0.000000	-1.129804	0.208528	0.000000	
0.614148	-1.620887	0.000000	0.918303	0.958375	0.000000	-1.103195	0.205947	0.000000	
0.602163	-1.582081	0.000000	0.893082	0.932537	0.000000	-1.075833	0.203334	0.000000	
0.589847	-1.542459	0.000000	0.867119	0.906127	0.000000	-1.047677	0.200688	0.000000	
0.577181	-1.501976	0.000000	0.840368	0.879108	0.000000	-1.018682	0.198009	0.000000	
0.564148	-1.460586	0.000000	0.812784	0.851452	0.000000	-0.988797	0.195295	0.000000	
0.550726	-1.418236	0.000000	0.784310	0.823120	0.000000	-0.957963	0.192546	0.000000	
0.536891	-1.374867	0.000000	0.754885	0.794067	0.000000	-0.926121	0.189762	0.000000	
0.522617	-1.330410	0.000000	0.724439	0.764245	0.000000	-0.893198	0.186941	0.000000	
0.507874	-1.284784	0.000000	0.692890	0.733595	0.000000	-0.859112	0.184085	0.000000	
0.492626	-1.237903	0.000000	0.660142	0.702053	0.000000	-0.823764	0.181193	0.000000	
0.476833	-1.189674	0.000000	0.626082	0.669542	0.000000	-0.787041	0.178266	0.000000	
0.460451	-1.139978	0.000000	0.590577	0.635974	0.000000	-0.748809	0.175306	0.000000	
0.443426	-1.088680	0.000000	0.553463	0.601241	0.000000	-0.708901	0.172316	0.000000	
0.425694	-1.035618	0.000000	0.514534	0.565215	0.000000	-0.667118	0.169301	0.000000	
0.407175	-0.980594	0.000000	0.473540	0.527738	0.000000	-0.623211	0.166271	0.000000	
0.387772	-0.923369	0.000000	0.430153	0.488611	0.000000	-0.576860	0.163237	0.000000	
0.367365	-0.863638	0.000000	0.383925	0.447579	0.000000	-0.527633	0.160224	0.000000	
0.345796	-0.801011	0.000000	0.334235	0.404303	0.000000	-0.474940	0.157269	0.000000	
0.322854	-0.734977	0.000000	0.280152	0.358316	0.000000	-0.417908	0.154438	0.000000	
0.298239	-0.664827	0.000000	0.220157	0.308931	0.000000	-0.355143	0.151856	0.000000	
0.271505	-0.589548	0.000000	0.151403	0.255059	0.000000	-0.284099	0.149786	0.000000	
0.241920	-0.507574	0.000000	0.066991	0.194745	0.000000	-0.198818	0.148853	0.000000	
0.208130	-0.416332	0.000000	-0.062191	0.126099	0.000000	-0.075199	0.149024	0.000000	
0.167607	-0.311422	0.000000	-0.198827	0.083165	0.000000	0.058424	0.120426	0.000000	
0.117742	-0.183780	0.000000	-0.283117	0.046645	0.000000	0.155775	0.073056	0.000000	
0.071526	-0.012348	0.000000	-0.342525	0.007241	0.000000	0.231031	0.001721	0.000000	
0.069222	0.170730	0.000000	-0.381947	-0.032746	0.000000	0.263952	-0.076136	0.000000	
0.080669	0.328289	0.000000	-0.406458	-0.070392	0.000000	0.276692	-0.140555	0.000000	
0.092354	0.469909	0.000000	-0.420190	-0.105682	0.000000	0.280667	-0.197295	0.000000	
0.103013	0.601543	0.000000	-0.425217	-0.139345	0.000000	0.278293	-0.249345	0.000000	
0.112713	0.726244	0.000000	-0.422499	-0.172048	0.000000	0.270300	-0.298003	0.000000	
0.121642	0.845790	0.000000	-0.412398	-0.204363	0.000000	0.256861	-0.343880	0.000000	
0.129964	0.961318	0.000000	-0.394846	-0.236817	0.000000	0.237827	-0.387234	0.000000	
0.137807	1.073608	0.000000	-0.369380	-0.269980	0.000000	0.212748	-0.428078	0.000000	
0.145267	1.183216	0.000000	-0.335016	-0.304573	0.000000	0.180782	-0.466168	0.000000	
0.152419	1.290561	0.000000	-0.289920	-0.341703	0.000000	0.140415	-0.500871	0.000000	
0.159318	1.395966	0.000000	-0.230458	-0.383500	0.000000	0.088705	-0.530679	0.000000	
0.166013	1.499689	0.000000	-0.147784	-0.435901	0.000000	0.018549	-0.550995	0.000000	
0.172540	1.601941	0.000000	-0.021161	-0.531726	0.000000	-0.086665	-0.535689	0.000000	
0.178927	1.702903	0.000000	0.058117	-0.653962	0.000000	-0.153920	-0.498479	0.000000	
0.185190	1.802728	0.000000	0.098580	-0.751715	0.000000	-0.190047	-0.480168	0.000000	
0.191337	1.901530	0.000000	0.124031	-0.835393	0.000000	-0.214095	-0.472503	0.000000	
0.197379	1.999408	0.000000	0.140531	-0.909287	0.000000	-0.230920	-0.472112	0.000000	
0.203325	2.096450	0.000000	0.150662	-0.975482	0.000000	-0.242592	-0.477378	0.000000	
0.209182	2.192725	0.000000	0.155801	-1.035157	0.000000	-0.250217	-0.487401	0.000000	
0.214959	2.288300	0.000000	0.156777	-1.089034	0.000000	-0.254463	-0.501646	0.000000	
0.220663	2.383230	0.000000	0.154123	-1.137552	0.000000	-0.255761	-0.519789	0.000000	
0.226300	2.477564	0.000000	0.148194	-1.180972	0.000000	-0.254400	-0.541653	0.000000	
0.231876	2.571347	0.000000	0.139224	-1.219412	0.000000	-0.250570	-0.567169	0.000000	
0.237398	2.664616	0.000000	0.127363	-1.252869	0.000000	-0.244393	-0.596364	0.000000	
0.242870	2.757408	0.000000	0.112685	-1.281216	0.000000	-0.235933	-0.629360	0.000000	
0.248297	2.849754	0.000000	0.095203	-1.304190	0.000000	-0.225203	-0.666391	0.000000	
0.253683	2.941682	0.000000	0.074865	-1.321339	0.000000	-0.212162	-0.707827	0.000000	
0.259031	3.033221	0.000000	0.051539	-1.331973	0.000000	-0.196711	-0.754240	0.000000	
0.264346	3.124391	0.000000	0.025000	-1.334984	0.000000	-0.178667	-0.806533	0.000000	
0.269629	3.215216	0.000000	-0.005123	-1.328518	0.000000	-0.157739	-0.866201	0.000000	
0.274884	3.305715	0.000000	-0.039408	-1.309109	0.000000	-0.133463	-0.936026	0.000000	
0.280112	3.395907	0.000000	-0.078637	-1.268717	0.000000	-0.105216	-1.022455	0.000000	
0.285317	3.485808	0.000000	-0.118386	-1.178429	0.000000	-0.076540	-1.148625	0.000000	
0.290499	3.575434	0.000000	-0.106371	-1.070112	0.000000	-0.089260	-1.289053	0.000000	
0.295659	3.664797	0.000000	-0.080447	-1.018453	0.000000	-0.113095	-1.383997	0.000000	
0.300800	3.753911	0.000000	-0.056166	-0.990434	0.000000	-0.135604	-1.459879	0.000000	
0.305921	3.842785	0.000000	-0.034152	-0.976328	0.000000	-0.156288	-1.524488	0.000000	
0.311025	3.931431	0.000000	-0.014327	-0.972142	0.000000	-0.175209	-1.581024	0.000000	
0.316111	4.019857	0.000000	0.003429	-0.975782	0.000000	-0.192466	-1.631169	0.000000	
0.321182	4.108074	0.000000	0.019208	-0.986001	0.000000	-0.208132	-1.675924	0.000000	
0.326238	4.196090	0.000000	0.033065	-1.002010	0.000000	-0.222250	-1.715925	0.000000	
0.331279	4.283914	0.000000	0.045018	-1.023286	0.000000	-0.234837	-1.751594	0.000000	
0.336307	4.371552	0.000000	0.055053	-1.049499	0.000000	-0.245882	-1.783203	0.000000	
0.341321	4.459015	0.000000	0.063123	-1.080448	0.000000	-0.255346	-1.810916	0.000000	
0.346324	4.546305	0.000000	0.069142	-1.116047	0.000000	-0.263162	-1.834807	0.000000	
0.351314	4.633433	0.000000	0.072978	-1.156308	0.000000	-0.269225	-1.854869	0.000000	
0.356294	4.720402	0.000000	0.074445	-1.201350	0.000000	-0.273387	-1.871013	0.000000	
0.361262	4.807219	0.000000	0.073276	-1.251411	0.000000	-0.275431	-1.883050	0.000000	
0.366220	4.893890	0.000000	0.069085	-1.306885	0.000000	-0.275054	-1.890670	0.000000	
0.371168	4.980422	0.000000	0.061302	-1.368400	0.000000	-0.271795	-1.893381	0.000000	
0.376107	5.066818	0.000000	0.049027	-1.436920	0.000000	-0.264937	-1.890400	0.000000	
0.381035	5.153081	0.000000	0.030702	-1.514079	0.000000	-0.253235	-1.880432	0.000000	
0.385955	5.239219	0.000000	0.003178	-1.602902	0.000000	-0.234167	-1.861055	0.000000	
0.390866	5.325235	0.000000	-0.042262	-1.710323	0.000000	-0.200761	-1.826728	0.000000	
0.395768	5.411132	0.000000	-0.144840	-1.843571	0.000000	-0.121640	-1.771668	0.000000	
0.400661	5.496915	0.000000	-0.255943	-1.919580	0.000000	-0.035693	-1.762329	0.000000	
0.405547	5.582589	0.000000	-0.333674	-1.967708	0.000000	0.023561	-1.775229	0.000000	
0.410425	5.668151	0.000000	-0.394358	-2.006320	0.000000	0.069182	-1.795678	0.000000	
0.415296	5.753611	0.000000	-0.443740	-2.039689	0.000000	0.105765	-1.820256	0.000000	
0.420159	5.838969	0.000000	-0.484534	-2.069563	0.000000	0.135483	-1.847564	0.000000	
0.425016	5.924230	0.000000	-0.518274	-2.096883	0.000000	0.159561	-1.876871	0.000000	
0.429866	6.009396	0.000000	-0.545910	-2.122189	0.000000	0.178760	-1.907737	0.000000	
0.434709	6.094468	0.000000	-0.568066	-2.145838	0.000000	0.193578	-1.939865	0.000000	
0.439546	6.179451	0.000000	-0.585152	-2.168085	0.000000	0.204345	-1.973056	0.000000	
0.444378	6.264348	0.000000	-0.597435	-2.189116	0.000000	0.211273	-2.007169	0.000000	
0.449203	6.349155	0.000000	-0.605070	-2.209072	0.000000	0.214486	-2.042090	0.000000	
0.454023	6.433881	0.000000	-0.608118	-2.228067	0.000000	0.214035	-2.077730	0.000000	
0.458837	6.518528	0.000000	-0.606556	-2.246193	0.000000	0.209898	-2.114018	0.000000	
0.463645	6.603095	0.000000	-0.600273	-2.263529	0.000000	0.201986	-2.150889	0.000000	
0.468449	6.687584	0.000000	-0.589057	-2.280149	0.000000	0.190131	-2.188288	0.000000	
0.473247	6.772003	0.000000	-0.572570	-2.296125	0.000000	0.174063	-2.226157	0.000000	
0.478040	6.856342	0.000000	-0.550310	-2.311539	0.000000	0.153379	-2.264432	0.000000	
0.482828	6.940616	0.000000	-0.521522	-2.326497	0.000000	0.127477	-2.303028	0.000000	
0.487612	7.024815	0.000000	-0.485048	-2.341166	0.000000	0.095428	-2.341815	0.000000	
0.492391	7.108950	0.000000	-0.438989	-2.355846	0.000000	0.055714	-2.380554	0.000000	
0.497165	7.193018	0.000000	-0.379861	-2.371218	0.000000	0.005547	-2.418696	0.000000	
0.501934	7.277019	0.000000	-0.299776	-2.389479	0.000000	-0.061382	-2.454489	0.000000	
0.506700	7.360960	0.000000	-0.173032	-2.425849	0.000000	-0.165636	-2.475758	0.000000	
0.511461	7.444839	0.000000	-0.051090	-2.517427	0.000000	-0.266046	-2.452819	0.000000	
0.516218	7.528653	0.000000	0.014280	-2.601455	0.000000	-0.321195	-2.435887	0.000000	
0.520970	7.612410	0.000000	0.058844	-2.675697	0.000000	-0.359698	-2.426742	0.000000	
0.525720	7.696111	0.000000	0.091672	-2.743054	0.000000	-0.388809	-2.423079	0.000000	
0.530464	7.779757	0.000000	0.116390	-2.805027	0.000000	-0.411429	-2.423695	0.000000	
0.535205	7.863344	0.000000	0.134883	-2.862496	0.000000	-0.429068	-2.427877	0.000000	
0.539943	7.946876	0.000000	0.148278	-2.916028	0.000000	-0.442626	-2.435178	0.000000	
0.544676	8.030353	0.000000	0.157306	-2.965991	0.000000	-0.452688	-2.445300	0.000000	
0.549406	8.113799	0.000000	0.162465	-3.012638	0.000000	-0.459652	-2.458045	0.000000	
0.554132	8.197158	0.000000	0.164105	-3.056134	0.000000	-0.463798	-2.473278	0.000000	
0.558855	8.280508	0.000000	0.162472	-3.096578	0.000000	-0.465327	-2.490921	0.000000	
0.563575	8.363764	0.000000	0.157740	-3.134017	0.000000	-0.464373	-2.510915	0.000000	
0.568290	8.447017	0.000000	0.150021	-3.168449	0.000000	-0.461026	-2.533305	0.000000	
0.573004	8.530177	0.000000	0.139376	-3.199826	0.000000	-0.455338	-2.558118	0.000000	
0.577712	8.613338	0.000000	0.125822	-3.228049	0.000000	-0.447320	-2.585427	0.000000	
0.582420	8.696406	0.000000	0.109329	-3.252962	0.000000	-0.436949	-2.615357	0.000000	
0.587122	8.779471	0.000000	0.089817	-3.274335	0.000000	-0.424161	-2.648091	0.000000	
0.591823	8.862459	0.000000	0.067148	-3.291846	0.000000	-0.408846	-2.683889	0.000000	
0.596520	8.945429	0.000000	0.041106	-3.305035	0.000000	-0.390830	-2.723120	0.000000	
0.601216	9.028344	0.000000	0.011372	-3.313231	0.000000	-0.369860	-2.766319	0.000000	
0.605907	9.111218	0.000000	-0.022531	-3.315415	0.000000	-0.345552	-2.814299	0.000000	
0.610597	9.194071	0.000000	-0.061345	-3.309915	0.000000	-0.317313	-2.868396	0.000000	
0.615282	9.276850	0.000000	-0.106302	-3.293692	0.000000	-0.284159	-2.931055	0.000000	
0.619967	9.359629	0.000000	-0.159651	-3.259743	0.000000	-0.244289	-3.007868	0.000000	
0.624647	9.442332	0.000000	-0.223739	-3.182662	0.000000	-0.195827	-3.119162	0.000000	
0.629326	9.525016	0.000000	-0.244867	-3.066197	0.000000	-0.181732	-3.261944	0.000000	
0.634003	9.607677	0.000000	-0.235619	-3.002661	0.000000	-0.191935	-3.362360	0.000000	
0.638676	9.690266	0.000000	-0.222838	-2.963409	0.000000	-0.204964	-3.443326	0.000000	
0.643349	9.772854	0.000000	-0.209430	-2.938132	0.000000	-0.218493	-3.513089	0.000000	
0.648018	9.855389	0.000000	-0.196140	-2.922655	0.000000	-0.231926	-3.575001	0.000000	
0.652685	9.937881	0.000000	-0.183252	-2.914771	0.000000	-0.245037	-3.630809	0.000000	
0.657351	10.020374	0.000000	-0.170898	-2.913170	0.000000	-0.257718	-3.681566	0.000000	
0.662012	10.102794	0.000000	-0.159152	-2.916994	0.000000	-0.269911	-3.727964	0.000000	
0.666673	10.185191	0.000000	-0.148063	-2.925651	0.000000	-0.281578	-3.770474	0.000000	
0.671331	10.267589	0.000000	-0.137670	-2.938726	0.000000	-0.292686	-3.809432	0.000000	
0.675987	10.349905	0.000000	-0.128011	-2.955920	0.000000	-0.303207	-3.845077	0.000000	
0.680642	10.432207	0.000000	-0.119123	-2.977024	0.000000	-0.313109	-3.877573	0.000000	
0.685294	10.514509	0.000000	-0.111048	-3.001900	0.000000	-0.322361	-3.907033	0.000000	
0.689943	10.596737	0.000000	-0.103836	-3.030468	0.000000	-0.330920	-3.933522	0.000000	
0.694592	10.678944	0.000000	-0.097547	-3.062698	0.000000	-0.338741	-3.957063	0.000000	
0.699239	10.761150	0.000000	-0.092253	-3.098611	0.000000	-0.345764	-3.977640	0.000000	
0.703882	10.843304	0.000000	-0.088046	-3.138280	0.000000	-0.351916	-3.995195	0.000000	
0.708525	10.925415	0.000000	-0.085039	-3.181838	0.000000	-0.357106	-4.009639	0.000000	
0.713168	11.007526	0.000000	-0.083380	-3.229484	0.000000	-0.361217	-4.020802	0.000000	
0.717805	11.089622	0.000000	-0.083264	-3.281508	0.000000	-0.364093	-4.028443	0.000000	
0.722442	11.171638	0.000000	-0.084956	-3.338325	0.000000	-0.365521	-4.032236	0.000000	
0.727079	11.253654	0.000000	-0.088835	-3.400526	0.000000	-0.365199	-4.031688	0.000000	
0.731712	11.335670	0.000000	-0.095470	-3.468992	0.000000	-0.362670	-4.026086	0.000000	
0.736344	11.417628	0.000000	-0.105794	-3.545108	0.000000	-0.357190	-4.014365	0.000000	
0.740975	11.499549	0.000000	-0.121536	-3.631216	0.000000	-0.347375	-3.994640	0.000000	
0.745606	11.581470	0.000000	-0.146682	-3.732084	0.000000	-0.330035	-3.963094	0.000000	
0.750231	11.663390	0.000000	-0.196094	-3.860397	0.000000	-0.293281	-3.909576	0.000000	
0.754856	11.745232	0.000000	-0.308442	-3.991616	0.000000	-0.206178	-3.853717	0.000000	
0.759482	11.827057	0.000000	-0.399303	-4.061858	0.000000	-0.136263	-3.846628	0.000000	
0.764105	11.908882	0.000000	-0.469082	-4.113689	0.000000	-0.083213	-3.854255	0.000000	
0.768724	11.990707	0.000000	-0.526532	-4.157046	0.000000	-0.040025	-3.868632	0.000000	
0.773344	12.072452	0.000000	-0.575276	-4.195212	0.000000	-0.003801	-3.887176	0.000000	
0.777963	12.154181	0.000000	-0.617226	-4.229692	0.000000	0.026988	-3.908654	0.000000	
0.782581	12.235911	0.000000	-0.653538	-4.261343	0.000000	0.053268	-3.932368	0.000000	
0.787194	12.317641	0.000000	-0.684969	-4.290708	0.000000	0.075645	-3.957896	0.000000	
0.791808	12.399310	0.000000	-0.712047	-4.318155	0.000000	0.094538	-3.984944	0.000000	
0.796421	12.480945	0.000000	-0.735143	-4.343946	0.000000	0.110248	-4.013306	0.000000	
0.801035	12.562579	0.000000	-0.754527	-4.368278	0.000000	0.122988	-4.042822	0.000000	
0.805642	12.644214	0.000000	-0.770392	-4.391296	0.000000	0.132916	-4.073376	0.000000	
0.810250	12.725831	0.000000	-0.782874	-4.413115	0.000000	0.140138	-4.104877	0.000000	
0.814857	12.807370	0.000000	-0.792062	-4.433827	0.000000	0.144725	-4.137250	0.000000	
0.819465	12.888909	0.000000	-0.798001	-4.453504	0.000000	0.146714	-4.170441	0.000000	
0.824070	12.970448	0.000000	-0.800701	-4.472201	0.000000	0.146112	-4.204402	0.000000	
0.828672	13.051988	0.000000	-0.800130	-4.489969	0.000000	0.142895	-4.239096	0.000000	
0.833273	13.133483	0.000000	-0.796223	-4.506842	0.000000	0.137009	-4.274492	0.000000	
0.837874	13.214927	0.000000	-0.788868	-4.522850	0.000000	0.128365	-4.310570	0.000000	
0.842476	13.296371	0.000000	-0.777902	-4.538016	0.000000	0.116832	-4.347309	0.000000	
0.847075	13.377814	0.000000	-0.763101	-4.552360	0.000000	0.102231	-4.384695	0.000000	
0.851670	13.459258	0.000000	-0.744152	-4.565895	0.000000	0.084315	-4.422716	0.000000	
0.856266	13.540661	0.000000	-0.720638	-4.578637	0.000000	0.062746	-4.461361	0.000000	
0.860861	13.622009	0.000000	-0.691969	-4.590604	0.000000	0.037055	-4.500615	0.000000	
0.865457	13.703358	0.000000	-0.657299	-4.601832	0.000000	0.006563	-4.540449	0.000000	
0.870051	13.784706	0.000000	-0.615343	-4.612392	0.000000	-0.029757	-4.580807	0.000000	
0.874640	13.866055	0.000000	-0.563983	-4.622467	0.000000	-0.073600	-4.621542	0.000000	
0.879230	13.947395	0.000000	-0.499229	-4.632595	0.000000	-0.128157	-4.662226	0.000000	
0.883819	14.028648	0.000000	-0.411463	-4.645027	0.000000	-0.201122	-4.701056	0.000000	
0.888409	14.109901	0.000000	-0.271063	-4.682048	0.000000	-0.316195	-4.720204	0.000000	
0.892998	14.191154	0.000000	-0.159071	-4.769266	0.000000	-0.408541	-4.699189	0.000000	
0.897583	14.272408	0.000000	-0.093476	-4.848503	0.000000	-0.463768	-4.684551	0.000000	
0.902167	14.353661	0.000000	-0.046037	-4.920033	0.000000	-0.504470	-4.676059	0.000000	
0.906751	14.434877	0.000000	-0.009245	-4.985985	0.000000	-0.536654	-4.671997	0.000000	
0.911334	14.516035	0.000000	0.020111	-5.047561	0.000000	-0.562889	-4.671451	0.000000	
0.915918	14.597193	0.000000	0.043761	-5.105463	0.000000	-0.584558	-4.673834	0.000000	
0.920501	14.678350	0.000000	0.062765	-5.160174	0.000000	-0.602508	-4.678761	0.000000	
0.925080	14.759508	0.000000	0.077828	-5.212033	0.000000	-0.617307	-4.685960	0.000000	
0.929657	14.840666	0.000000	0.089446	-5.261281	0.000000	-0.629349	-4.695240	0.000000	
0.934235	14.921797	0.000000	0.097978	-5.308093	0.000000	-0.638921	-4.706457	0.000000	
0.938812	15.002859	0.000000	0.103694	-5.352605	0.000000	-0.646239	-4.719506	0.000000	
0.943390	15.083921	0.000000	0.106799	-5.394909	0.000000	-0.651467	-4.734313	0.000000	
0.947968	15.164984	0.000000	0.107449	-5.435071	0.000000	-0.654729	-4.750826	0.000000	
0.952541	15.246046	0.000000	0.105763	-5.473129	0.000000	-0.656122	-4.769011	0.000000	
0.957113	15.327108	0.000000	0.101829	-5.509107	0.000000	-0.655720	-4.788853	0.000000	
0.961685	15.408171	0.000000	0.095710	-5.543003	0.000000	-0.653571	-4.810351	0.000000	
0.966256	15.489161	0.000000	0.087446	-5.574797	0.000000	-0.649705	-4.833523	0.000000	
0.970828	15.570127	0.000000	0.077056	-5.604449	0.000000	-0.644138	-4.858399	0.000000	
0.975400	15.651094	0.000000	0.064542	-5.631898	0.000000	-0.636870	-4.885029	0.000000	
0.979972	15.732061	0.000000	0.049880	-5.657059	0.000000	-0.627884	-4.913484	0.000000	
0.984537	15.813028	0.000000	0.033028	-5.679812	0.000000	-0.617145	-4.943857	0.000000	
0.989103	15.893995	0.000000	0.013919	-5.700004	0.000000	-0.604595	-4.976268	0.000000	
0.993669	15.974962	0.000000	-0.007546	-5.717436	0.000000	-0.590161	-5.010882	0.000000	
0.998235	16.055857	0.000000	-0.031500	-5.731843	0.000000	-0.573735	-5.047906	0.000000	
1.002800	16.136728	0.000000	-0.058127	-5.742875	0.000000	-0.555171	-5.087624	0.000000	
1.007366	16.217600	0.000000	-0.087677	-5.750046	0.000000	-0.534270	-5.130420	0.000000	
1.011932	16.298471	0.000000	-0.120497	-5.752640	0.000000	-0.510753	-5.176846	0.000000	
1.016497	16.379343	0.000000	-0.157087	-5.749640	0.000000	-0.484218	-5.227757	0.000000	
1.021063	16.460215	0.000000	-0.198201	-5.739386	0.000000	-0.454063	-5.284482	0.000000	
1.025629	16.541086	0.000000	-0.245072	-5.718772	0.000000	-0.419302	-5.349475	0.000000	
1.030195	16.621958	0.000000	-0.299908	-5.680603	0.000000	-0.378169	-5.428507	0.000000	
1.034750	16.702829	0.000000	-0.364129	-5.598327	0.000000	-0.329528	-5.542819	0.000000	
1.039304	16.783701	0.000000	-0.380912	-5.480833	0.000000	-0.318836	-5.685297	0.000000	
1.043858	16.864573	0.000000	-0.369441	-5.415284	0.000000	-0.330747	-5.786210	0.000000	
1.048412	16.945402	0.000000	-0.355005	-5.372848	0.000000	-0.345031	-5.868633	0.000000	
1.052965	17.026083	0.000000	-0.340201	-5.343586	0.000000	-0.359607	-5.940496	0.000000	
1.057519	17.106764	0.000000	-0.325662	-5.323458	0.000000	-0.373972	-6.005044	0.000000	
1.062073	17.187445	0.000000	-0.311602	-5.310311	0.000000	-0.387952	-6.064019	0.000000	
1.066627	17.268126	0.000000	-0.298108	-5.302844	0.000000	-0.401479	-6.118472	0.000000	
1.071181	17.348806	0.000000	-0.285219	-5.300145	0.000000	-0.414521	-6.169068	0.000000	
1.075734	17.429487	0.000000	-0.272954	-5.301653	0.000000	-0.427064	-6.216289	0.000000	
1.080288	17.510168	0.000000	-0.261321	-5.306929	0.000000	-0.439101	-6.260488	0.000000	
1.084842	17.590849	0.000000	-0.250328	-5.315642	0.000000	-0.450625	-6.301930	0.000000	
1.089396	17.671530	0.000000	-0.239981	-5.327539	0.000000	-0.461633	-6.340818	0.000000	
1.093950	17.752211	0.000000	-0.230287	-5.342427	0.000000	-0.472117	-6.377310	0.000000	
1.098503	17.832891	0.000000	-0.221257	-5.360154	0.000000	-0.482070	-6.411522	0.000000	
1.103057	17.913572	0.000000	-0.212903	-5.380605	0.000000	-0.491482	-6.443548	0.000000	
1.107611	17.994253	0.000000	-0.205240	-5.403696	0.000000	-0.500340	-6.473456	0.000000	
1.112158	18.074934	0.000000	-0.198290	-5.429366	0.000000	-0.508631	-6.501295	0.000000	
1.116699	18.155615	0.000000	-0.192076	-5.457578	0.000000	-0.516329	-6.527094	0.000000	
1.121241	18.236296	0.000000	-0.186629	-5.488314	0.000000	-0.523412	-6.550868	0.000000	
1.125783	18.316977	0.000000	-0.181984	-5.521578	0.000000	-0.529853	-6.572613	0.000000	
1.130325	18.397541	0.000000	-0.178185	-5.557393	0.000000	-0.535617	-6.592312	0.000000	
1.134867	18.478031	0.000000	-0.175282	-5.595804	0.000000	-0.540663	-6.609927	0.000000	
1.139409	18.558521	0.000000	-0.173341	-5.636880	0.000000	-0.544940	-6.625404	0.000000	
1.143951	18.639011	0.000000	-0.172441	-5.680719	0.000000	-0.548385	-6.638666	0.000000	
1.148493	18.719501	0.000000	-0.172677	-5.727448	0.000000	-0.550920	-6.649610	0.000000	
1.153034	18.799992	0.000000	-0.174170	-5.777238	0.000000	-0.552450	-6.658099	0.000000	
1.157576	18.880482	0.000000	-0.177075	-5.830311	0.000000	-0.552850	-6.663957	0.000000	
1.162118	18.960972	0.000000	-0.181596	-5.886959	0.000000	-0.551959	-6.666949	0.000000	
1.166660	19.041462	0.000000	-0.188006	-5.947573	0.000000	-0.549557	-6.666761	0.000000	
1.171202	19.121952	0.000000	-0.196689	-6.012723	0.000000	-0.545332	-6.662964	0.000000	
1.175744	19.202442	0.000000	-0.208213	-6.083168	0.000000	-0.538837	-6.654922	0.000000	
1.180286	19.282932	0.000000	-0.223486	-6.160056	0.000000	-0.529342	-6.641692	0.000000	
1.184828	19.363422	0.000000	-0.244128	-6.245310	0.000000	-0.515550	-6.621762	0.000000	
1.189369	19.443913	0.000000	-0.273635	-6.342621	0.000000	-0.494667	-6.592195	0.000000	
1.193911	19.524403	0.000000	-0.323074	-6.460896	0.000000	-0.457837	-6.545845	0.000000	
1.198453	19.604893	0.000000	-0.435788	-6.594193	0.000000	-0.370388	-6.487475	0.000000	
1.202995	19.685383	0.000000	-0.540351	-6.663919	0.000000	-0.289459	-6.479955	0.000000	
1.207525	19.765873	0.000000	-0.618875	-6.712399	0.000000	-0.229361	-6.489431	0.000000	
1.212055	19.846363	0.000000	-0.683517	-6.752691	0.000000	-0.180368	-6.505434	0.000000	
1.216585	19.926853	0.000000	-0.738889	-6.788403	0.000000	-0.138791	-6.525111	0.000000	
1.221115	20.007343	0.000000	-0.787306	-6.821031	0.000000	-0.102777	-6.547250	0.000000	
1.225645	20.087683	0.000000	-0.830135	-6.851408	0.000000	-0.071234	-6.571182	0.000000	
1.230175	20.167982	0.000000	-0.868261	-6.880038	0.000000	-0.043452	-6.596509	0.000000	
1.234705	20.248281	0.000000	-0.902306	-6.907256	0.000000	-0.018936	-6.622961	0.000000	
1.239235	20.328581	0.000000	-0.932711	-6.933298	0.000000	0.002670	-6.650349	0.000000	
1.243765	20.408880	0.000000	-0.959815	-6.958336	0.000000	0.021636	-6.678534	0.000000	
1.248294	20.489180	0.000000	-0.983879	-6.982502	0.000000	0.038168	-6.707412	0.000000	
1.252824	20.569479	0.000000	-1.005100	-7.005899	0.000000	0.052426	-6.736899	0.000000	
1.257354	20.649778	0.000000	-1.023635	-7.028610	0.000000	0.064535	-6.766933	0.000000	
1.261884	20.730078	0.000000	-1.039607	-7.050701	0.000000	0.074595	-6.797458	0.000000	
1.266414	20.810377	0.000000	-1.053113	-7.072227	0.000000	0.082681	-6.828427	0.000000	
1.270944	20.890676	0.000000	-1.064226	-7.093238	0.000000	0.088854	-6.859806	0.000000	
1.275474	20.970976	0.000000	-1.072998	-7.113771	0.000000	0.093155	-6.891562	0.000000	
1.280004	21.051275	0.000000	-1.079467	-7.133863	0.000000	0.095614	-6.923666	0.000000	
1.284534	21.131575	0.000000	-1.083653	-7.153545	0.000000	0.096248	-6.956094	0.000000	
1.289064	21.211874	0.000000	-1.085562	-7.172842	0.000000	0.095060	-6.988825	0.000000	
1.293594	21.292173	0.000000	-1.085184	-7.191781	0.000000	0.092043	-7.021839	0.000000	
1.298124	21.372473	0.000000	-1.082495	-7.210382	0.000000	0.087177	-7.055117	0.000000	
1.302654	21.452772	0.000000	-1.077452	-7.228671	0.000000	0.080429	-7.088643	0.000000	
1.307184	21.533072	0.000000	-1.070001	-7.246664	0.000000	0.071754	-7.122400	0.000000	
1.311714	21.613371	0.000000	-1.060063	-7.264383	0.000000	0.061088	-7.156371	0.000000	
1.316244	21.693670	0.000000	-1.047536	-7.281852	0.000000	0.048351	-7.190538	0.000000	
1.320762	21.773970	0.000000	-1.032291	-7.299092	0.000000	0.033439	-7.224887	0.000000	
1.325280	21.854269	0.000000	-1.014165	-7.316129	0.000000	0.016223	-7.259391	0.000000	
1.329798	21.934568	0.000000	-0.992950	-7.332993	0.000000	-0.003465	-7.294028	0.000000	
1.334316	22.014868	0.000000	-0.968377	-7.349724	0.000000	-0.025835	-7.328769	0.000000	
1.338835	22.095037	0.000000	-0.940109	-7.366374	0.000000	-0.051164	-7.363574	0.000000	
1.343353	22.175146	0.000000	-0.907683	-7.383016	0.000000	-0.079817	-7.398383	0.000000	
1.347871	22.255255	0.000000	-0.870478	-7.399740	0.000000	-0.112293	-7.433115	0.000000	
1.352389	22.335363	0.000000	-0.827602	-7.416717	0.000000	-0.149306	-7.467643	0.000000	
1.356907	22.415472	0.000000	-0.777701	-7.434232	0.000000	-0.191939	-7.501737	0.000000	
1.361425	22.495581	0.000000	-0.718527	-7.452842	0.000000	-0.241990	-7.534949	0.000000	
1.365943	22.575689	0.000000	-0.645756	-7.473905	0.000000	-0.302918	-7.566201	0.000000	
1.370461	22.655798	0.000000	-0.548506	-7.502312	0.000000	-0.383429	-7.591563	0.000000	
1.374979	22.735907	0.000000	-0.405645	-7.574064	0.000000	-0.500429	-7.582254	0.000000	
1.379497	22.816015	0.000000	-0.315830	-7.678269	0.000000	-0.574992	-7.546977	0.000000	
1.384015	22.896124	0.000000	-0.261500	-7.767585	0.000000	-0.621167	-7.523613	0.000000	
1.388533	22.976233	0.000000	-0.221536	-7.847425	0.000000	-0.655848	-7.507828	0.000000	
1.393051	23.056341	0.000000	-0.190049	-7.920705	0.000000	-0.683748	-7.497255	0.000000	
1.397569	23.136450	0.000000	-0.164438	-7.989000	0.000000	-0.706947	-7.490680	0.000000	
1.402087	23.216558	0.000000	-0.143281	-8.053226	0.000000	-0.726582	-7.487366	0.000000	
